NFLAG_GSP1_WT_1	NFLAG_GSP1_WT_2	NFLAG_GSP1_WT_3	NFLAG_GSP1_WT_4	NFLAG_GSP1_K132H_1	NFLAG_GSP1_K132H_2	NFLAG_GSP1_K132H_3	NFLAG_GSP1_K132H_4	NFLAG_GSP1_G80A_1	NFLAG_GSP1_G80A_2	NFLAG_GSP1_R108G_1	NFLAG_GSP1_R108G_2	NFLAG_GSP1_H141V_1	NFLAG_GSP1_H141V_2	NFLAG_GSP1_H141I_1	NFLAG_GSP1_H141I_2	NFLAG_GSP1_K143W_1	NFLAG_GSP1_K143W_2	NFLAG_GSP1_K143W_3	NFLAG_GSP1_K143W_4	NFLAG_GSP1_T34A_1	NFLAG_GSP1_T34A_2	NFLAG_GSP1_T34A_3	NFLAG_GSP1_T34A_4	NFLAG_GSP1_T34G_1	NFLAG_GSP1_T34G_2	NFLAG_GSP1_T34E_1	NFLAG_GSP1_T34E_2	NFLAG_GSP1_T34E_3	NFLAG_GSP1_T34E_4	CFLAG_GSP1_T34Q_1	CFLAG_GSP1_T34Q_2	NFLAG_GSP1_H141R_1	NFLAG_GSP1_H141R_2	NFLAG_GSP1_Q147E_1	NFLAG_GSP1_Q147E_2	CFLAG_GSP1_WT_1	CFLAG_GSP1_WT_2	CFLAG_GSP1_WT_3	CFLAG_GSP1_K132H_1	CFLAG_GSP1_K132H_2	CFLAG_GSP1_K132H_3	CFLAG_GSP1_K132H_4	CFLAG_GSP1_T34L_1	CFLAG_GSP1_T34L_2	CFLAG_GSP1_G80A_1	CFLAG_GSP1_G80A_2	CFLAG_GSP1_R108G_1	CFLAG_GSP1_R108G_2	CFLAG_GSP1_H141V_1	CFLAG_GSP1_H141V_2	CFLAG_GSP1_H141V_3	CFLAG_GSP1_H141V_4	CFLAG_GSP1_H141I_1	CFLAG_GSP1_H141I_2	CFLAG_GSP1_H141I_3	CFLAG_GSP1_H141I_4	CFLAG_GSP1_K143W_1	CFLAG_GSP1_K143W_2	CFLAG_GSP1_Y148I_1	CFLAG_GSP1_Y148I_2	CFLAG_GSP1_K101R_1	CFLAG_GSP1_K101R_2	CFLAG_GSP1_N105L_1	CFLAG_GSP1_N105L_2	CFLAG_GSP1_F58A_1	CFLAG_GSP1_F58A_2	CFLAG_GSP1_T34Q_3	CFLAG_GSP1_T34Q_4	Protein_Name
32	35	49	49	23	30	45	44	70	66	70	57	36	44	45	58	70	66	80	67	30	28	41	50	31	33	37	32	43	39	93	76	39	35	79	65	53	50	66	54	48	76	69	60	58	93	88	88	78	42	43	38	35	44	55	51	43	83	73	31	33	83	79	58	56	74	71	73	66	GSP1
26	29	38	28	38	36	34	32	24	20	27	23	20	19	22	24	28	32	36	28	28	28	39	41	27	23	31	34	24	29	45	49	21	20	31	28	32	35	37	34	31	53	47	31	32	23	22	41	29	22	18	18	21	24	28	33	30	33	35	25	27	35	37	41	38	42	33	56	42	MOG1
0	1	0	2	0	0	1	1	4	1	0	0	0	0	2	2	2	2	0	0	1	1	0	1	1	1	1	2	0	0	4	4	0	0	2	1	2	3	1	2	0	2	1	0	2	4	3	0	0	1	1	0	0	4	3	2	2	2	0	0	0	1	2	2	3	3	1	3	2	NTF2
98	108	124	118	4	2	6	7	121	93	171	172	129	133	151	150	134	128	105	106	15	23	19	16	21	24	2	4	2	3	3	5	149	172	79	84	53	41	45	4	5	7	7	2	5	36	33	81	72	88	96	35	39	80	90	73	71	35	36	18	19	70	78	82	81	7	6	11	12	RNA1
31	35	48	47	45	43	45	48	46	53	54	57	53	47	25	29	87	87	99	100	27	28	48	43	29	32	28	30	27	31	30	25	58	57	48	44	14	19	17	15	10	15	11	16	13	1	0	4	3	15	16	31	31	17	16	15	16	10	7	28	22	0	0	5	3	19	18	32	34	SRM1
16	12	13	19	5	5	4	5	13	17	21	20	15	13	14	12	7	11	11	10	4	3	3	3	3	2	1	4	2	1	4	5	10	11	9	7	15	11	18	19	14	16	17	4	5	9	8	17	19	10	11	7	5	12	17	6	9	12	9	3	4	25	22	13	13	5	5	6	9	YRB1
14	9	9	5	8	10	2	1	6	5	0	0	14	9	10	12	7	5	7	5	12	11	16	19	16	12	8	9	5	4	10	10	12	12	9	8	18	9	9	8	11	15	18	4	4	3	0	0	0	11	10	9	5	13	8	10	7	4	6	4	5	0	0	11	9	8	9	9	9	KAP104
2	4	0	0	1	2	0	0	0	0	0	0	19	19	22	23	1	1	1	3	19	24	6	4	17	20	3	4	2	0	0	2	22	26	1	0	5	3	2	2	3	3	2	0	0	0	0	0	0	13	8	36	40	19	19	17	17	2	3	3	3	0	0	0	1	0	0	11	11	KAP114
0	2	0	0	9	8	0	0	0	0	0	0	6	9	6	10	0	0	0	0	11	11	11	9	10	11	0	0	0	0	5	9	6	8	3	1	0	0	0	10	8	10	13	3	0	0	0	0	0	0	0	0	0	0	0	0	0	0	0	1	0	0	0	0	0	5	4	5	5	KAP120
23	24	12	13	23	26	13	13	6	9	11	8	23	22	32	31	20	15	21	25	41	41	53	50	45	39	26	32	16	19	30	29	10	18	10	13	17	24	16	36	43	33	34	14	16	15	10	12	5	36	34	28	32	18	23	30	32	22	24	35	39	18	18	32	28	24	26	36	30	KAP123
33	28	31	27	46	50	25	28	27	33	25	21	48	46	46	47	34	40	32	32	97	102	101	100	89	78	81	78	64	59	30	26	48	50	36	38	14	21	19	31	35	29	32	32	32	6	5	11	13	28	23	24	27	49	48	36	34	20	22	14	10	39	36	46	48	50	46	27	29	KAP95
20	19	17	31	27	29	21	19	37	37	25	26	23	22	21	22	5	12	11	12	29	34	28	36	36	38	12	11	11	12	30	31	33	25	15	17	24	23	21	18	23	29	31	22	26	22	30	12	11	12	9	9	13	18	17	10	12	5	2	7	5	6	5	21	21	17	24	20	17	PSE1
3	2	0	0	0	0	0	0	0	0	0	0	3	0	2	0	0	0	0	0	6	4	0	0	5	4	3	5	3	2	0	0	12	11	0	0	5	6	0	0	1	2	1	0	0	0	0	0	0	3	0	0	1	7	2	3	5	0	0	2	1	2	0	0	0	0	0	0	0	KAP122
0	0	0	0	1	0	0	0	0	1	0	0	0	0	0	0	0	0	0	1	0	0	0	0	0	0	0	0	0	0	0	0	0	0	0	0	0	0	0	0	0	1	1	2	0	4	3	0	0	1	1	2	1	0	0	1	1	0	1	3	1	1	0	3	3	3	2	0	0	CSE1
0	0	0	0	0	0	0	0	0	0	0	0	0	0	0	0	0	0	0	0	1	4	0	0	4	3	0	0	0	0	0	0	0	0	0	0	0	0	0	0	0	0	0	0	1	0	0	0	0	0	0	0	0	0	1	0	0	0	0	0	0	0	0	0	0	0	0	0	0	LOS1
16	17	24	20	18	18	22	23	12	12	22	17	11	11	13	14	19	17	23	24	18	19	21	21	14	16	15	20	17	20	14	14	12	13	26	23	10	10	13	9	6	10	10	10	6	0	3	5	5	3	6	7	7	2	2	3	4	6	2	10	8	0	0	4	2	9	8	21	15	HHF1
16	17	24	20	18	18	22	23	12	12	22	17	11	11	13	14	19	17	23	24	18	19	21	21	14	16	15	20	17	20	14	14	12	13	26	23	10	10	13	9	6	10	10	10	6	0	3	5	5	3	6	7	7	2	2	3	4	6	2	10	8	0	0	4	2	9	8	21	15	HHF2
6	7	6	3	2	3	4	3	2	3	5	6	2	2	3	3	4	3	3	3	2	3	4	2	3	3	4	3	2	3	4	2	2	2	6	8	5	5	0	2	2	4	4	0	0	0	0	0	0	0	0	1	1	0	0	0	0	0	0	1	2	0	0	0	0	3	3	5	5	HHO1
12	13	8	8	8	9	8	8	7	6	9	9	5	5	7	0	6	6	8	10	10	9	6	7	8	8	13	13	6	5	8	7	5	0	13	9	6	12	0	8	5	4	4	2	0	0	0	0	2	2	2	2	4	0	0	0	0	0	0	0	3	0	0	0	0	3	5	0	7	HHT1
12	13	8	8	8	9	8	8	7	6	9	9	5	5	7	0	6	6	8	10	10	9	6	7	8	8	13	13	6	5	8	7	5	0	13	9	6	12	0	8	5	4	4	2	0	0	0	0	2	2	2	2	4	0	0	0	0	0	0	0	3	0	0	0	0	3	5	0	7	HHT2
4	2	0	0	0	0	0	0	0	0	0	0	0	0	1	1	0	0	0	0	3	3	1	0	4	3	2	3	0	1	0	0	1	0	1	1	0	0	0	0	0	0	0	0	0	0	0	0	0	0	0	0	0	0	0	0	0	0	0	0	0	0	0	0	0	0	0	0	0	HIR1
10	4	3	4	6	4	2	2	0	0	3	1	0	0	4	4	0	1	0	1	7	9	2	3	6	11	5	5	1	3	4	6	2	3	7	5	0	0	0	0	0	0	0	0	0	0	0	0	0	0	0	0	0	0	0	0	0	0	0	0	0	0	0	0	0	0	0	0	3	HIR2
5	5	4	2	2	3	0	2	0	0	0	3	0	0	2	3	0	1	0	0	4	3	4	5	8	5	5	6	2	2	1	2	2	2	7	4	0	0	0	0	0	0	0	0	0	0	0	0	0	0	0	0	0	0	0	0	0	0	0	0	0	0	0	0	0	0	0	0	1	HIR3
3	3	2	3	2	2	2	3	1	2	1	2	0	1	3	2	1	2	1	2	5	3	5	3	4	5	2	4	3	5	5	4	1	2	2	3	1	0	0	0	0	0	1	0	0	0	0	0	0	0	0	0	0	0	0	0	0	0	0	0	0	0	0	0	0	0	0	1	2	HPC2
16	18	26	20	21	22	29	27	20	15	22	21	15	14	19	19	29	26	31	25	22	22	23	22	18	17	24	23	22	18	16	17	23	20	37	28	10	8	6	8	11	15	11	8	7	2	0	4	3	4	6	12	13	3	4	6	5	4	3	17	15	3	0	4	5	17	15	15	16	HTA1
16	18	26	20	21	22	29	27	20	15	22	21	15	14	19	19	29	26	31	25	22	22	23	22	18	17	24	23	22	18	16	17	23	20	37	28	10	8	6	8	11	15	11	8	7	2	0	4	3	4	6	12	13	3	4	6	5	4	3	17	15	3	0	4	5	17	15	15	16	HTA2
23	26	32	33	25	24	33	30	23	22	31	37	20	24	29	24	41	30	34	36	23	22	32	32	28	21	29	32	25	26	21	22	26	29	43	42	16	18	16	15	11	18	17	16	14	6	6	9	10	9	11	17	14	10	9	11	9	9	9	18	15	5	8	8	9	21	18	26	23	HTB1
30	34	42	36	29	26	42	33	31	23	37	40	23	26	30	26	46	32	37	42	30	29	35	37	33	26	35	36	33	28	24	23	30	31	46	47	21	23	18	17	13	20	17	16	15	6	7	9	11	9	12	18	17	10	10	13	9	9	9	20	17	5	8	8	11	22	24	27	28	HTB2
5	5	8	5	9	7	9	7	5	9	10	7	5	5	6	6	0	5	6	6	3	7	6	7	6	5	0	7	0	4	6	5	3	5	7	6	3	0	0	3	0	0	0	0	2	0	0	0	0	1	0	0	0	0	0	0	0	0	0	0	0	0	0	0	0	0	0	6	7	HTZ1
4	5	0	0	2	0	3	0	0	0	1	1	0	0	0	0	0	0	0	0	0	0	0	0	0	0	2	3	0	0	0	0	0	0	2	0	2	1	0	0	0	0	0	0	0	0	0	0	0	0	0	0	0	0	0	0	0	0	0	0	0	0	0	0	0	0	0	0	1	MCM2
6	7	3	2	0	0	2	3	0	0	0	0	0	0	1	0	0	0	2	1	0	1	1	1	0	0	1	5	0	0	0	0	0	0	1	1	0	0	0	0	0	0	0	0	0	0	0	0	0	0	0	0	0	0	0	0	0	0	0	0	0	0	0	0	0	0	0	0	0	MCM3
7	3	1	3	0	2	3	2	1	2	1	0	0	1	2	3	0	1	0	3	3	2	2	0	1	0	6	5	1	0	0	1	1	1	2	2	4	0	0	0	1	0	0	0	0	0	1	0	0	0	0	0	0	1	1	1	1	0	0	1	1	0	0	0	0	1	0	0	0	MCM4
6	5	2	2	1	0	2	1	0	3	3	2	0	0	2	2	0	0	2	0	4	0	0	1	0	0	1	7	0	0	0	0	0	0	3	2	2	3	0	1	0	0	0	0	0	0	0	0	0	0	0	0	1	0	0	0	0	0	0	0	0	0	0	0	0	0	0	0	0	MCM5
5	4	5	3	2	0	3	2	2	0	4	2	2	0	1	3	0	0	0	2	1	3	1	0	0	2	4	5	0	0	0	0	0	0	3	4	1	2	0	1	0	1	1	0	0	0	0	0	0	0	0	0	3	0	0	0	0	0	0	2	0	0	0	0	0	1	0	0	0	MCM6
3	5	0	3	0	0	0	0	0	0	0	0	0	0	0	0	0	0	0	0	0	1	0	0	0	0	2	3	0	0	0	0	0	0	2	0	2	0	0	0	0	0	0	0	0	0	0	0	0	0	0	0	0	0	0	0	0	0	0	0	0	0	0	0	0	0	0	0	0	MCM7
1	4	0	0	0	0	0	0	0	0	0	0	0	0	0	0	0	1	0	0	0	0	1	3	1	1	0	0	1	1	0	0	0	0	0	0	0	0	0	0	0	0	0	0	0	0	0	0	0	0	0	0	0	0	0	0	0	0	0	0	0	0	0	0	0	0	0	0	0	EAF3
1	1	2	2	1	0	1	1	1	0	0	1	0	0	0	2	2	0	2	3	2	0	2	2	1	0	4	2	0	2	0	0	0	2	2	0	0	0	0	0	0	0	0	0	0	0	0	0	0	0	0	1	0	0	0	0	0	0	0	1	0	0	0	0	0	0	0	0	0	LDB7
16	17	11	11	9	6	9	10	8	5	8	7	8	9	5	5	4	4	10	8	11	12	12	10	11	12	10	13	8	4	3	4	5	6	0	4	8	5	3	0	0	2	2	0	0	0	0	0	0	0	0	0	0	0	0	0	0	0	0	2	1	0	0	0	0	3	5	3	0	RSC3
10	14	9	7	6	6	10	8	7	5	6	6	6	5	4	6	3	4	5	7	6	9	7	6	7	7	6	10	6	3	3	6	4	4	2	3	6	4	1	1	0	4	3	0	2	0	0	0	0	0	1	1	0	0	0	0	0	0	0	4	2	0	0	0	0	3	4	5	4	RSC30
24	23	14	10	10	9	12	12	10	12	14	14	8	7	9	4	7	9	11	6	18	17	13	10	17	16	16	16	4	9	3	5	6	5	5	2	10	6	3	0	0	1	2	0	1	0	0	0	0	0	0	0	0	0	0	0	0	0	0	2	0	0	0	0	0	2	1	6	4	RSC58
15	14	10	9	9	5	10	8	9	7	11	11	3	5	3	3	5	7	9	8	14	10	10	9	13	8	10	11	5	6	6	4	4	6	3	4	3	6	4	1	2	2	0	1	0	0	0	0	0	0	0	0	0	0	0	0	0	0	0	1	2	0	0	0	0	2	2	4	6	RSC6
26	34	24	24	16	18	23	24	15	22	22	21	14	17	15	9	13	16	21	19	22	27	23	25	27	22	22	25	12	16	11	11	12	13	10	9	18	17	8	6	4	6	8	5	4	0	0	0	0	0	0	3	0	0	0	0	0	0	0	9	8	0	0	0	0	9	11	10	12	RSC8
13	12	5	4	3	2	5	7	3	3	2	3	2	0	0	0	1	0	0	0	8	6	4	1	7	4	6	4	1	1	0	0	0	0	0	0	0	6	2	0	0	0	0	0	0	0	0	0	0	0	0	0	0	0	0	0	0	0	0	0	0	0	0	0	0	0	0	0	0	RSC1
20	16	8	7	6	8	9	6	7	8	10	7	5	5	3	5	6	9	6	7	14	15	12	8	14	12	16	14	5	8	4	3	4	8	5	3	7	7	4	0	1	3	1	0	2	0	0	0	0	0	0	1	0	0	0	0	0	0	0	1	2	0	0	0	0	2	6	3	5	RSC2
16	14	9	13	3	6	7	9	3	4	8	7	3	5	1	5	5	5	8	8	13	8	11	10	10	13	10	9	5	8	3	1	4	3	0	2	0	3	0	0	0	0	0	0	0	0	0	0	0	0	0	0	0	0	0	0	0	0	0	0	0	0	0	0	0	0	0	2	0	RSC4
16	15	7	11	4	8	12	7	6	9	10	10	7	5	5	8	4	6	7	7	13	12	8	7	9	13	13	12	5	8	4	7	4	5	1	3	8	6	3	1	2	2	2	2	1	0	0	0	0	0	0	2	0	0	0	0	0	0	0	2	2	0	0	0	0	4	2	3	4	NPL6
12	11	8	10	5	5	8	10	4	6	6	4	4	6	2	4	4	4	5	9	8	7	6	2	7	6	9	10	3	2	1	2	4	4	1	2	3	3	0	0	2	1	0	0	0	0	0	0	0	0	0	0	0	0	0	0	0	0	0	0	0	0	0	0	0	2	1	3	6	RSC9
6	6	5	4	3	4	6	7	3	5	6	7	2	5	5	3	3	4	5	5	1	3	6	6	5	5	3	3	5	5	5	3	4	3	2	4	1	1	2	0	0	1	0	0	1	0	0	0	0	0	2	1	0	0	0	1	0	0	0	4	2	0	0	0	0	5	2	1	0	SFH1
2	2	0	2	0	0	0	0	0	0	0	0	0	0	1	0	0	0	0	0	2	2	0	0	3	2	1	2	0	0	0	0	0	0	0	0	1	1	0	0	0	0	0	0	0	0	0	0	0	0	0	0	0	0	0	0	0	0	0	0	0	0	0	0	0	0	0	0	0	IES6
25	23	17	10	8	12	11	19	16	14	8	4	9	9	12	18	5	5	10	8	38	37	26	24	40	33	36	37	14	12	7	3	2	3	29	29	8	10	0	3	5	3	2	0	0	0	0	0	0	0	0	0	0	0	0	0	0	0	0	0	0	0	0	0	0	0	4	0	0	CHD1
7	5	10	5	3	3	5	3	0	0	5	5	2	0	2	3	5	3	5	5	9	4	2	3	6	5	6	5	3	3	2	4	0	3	9	9	2	4	0	0	0	0	2	0	0	0	0	0	0	0	0	0	0	0	0	0	0	0	0	1	0	0	0	0	0	2	0	3	2	CMR1
5	5	1	1	0	1	0	0	0	1	0	1	0	0	0	1	1	3	0	0	2	3	2	0	4	5	2	1	0	0	2	0	0	0	2	1	0	1	0	0	0	0	0	0	0	0	0	0	0	0	0	0	0	0	0	0	0	0	0	0	0	0	0	0	0	0	0	1	0	DPB4
0	1	0	1	2	0	2	3	2	2	4	3	1	0	3	2	1	1	2	2	2	0	1	2	0	0	0	0	0	0	0	0	0	0	5	4	0	0	0	0	0	0	0	0	0	0	0	0	0	0	0	0	0	0	0	0	0	0	0	0	0	0	0	0	0	0	0	1	1	RAP1
9	8	6	7	3	3	5	7	5	5	7	10	1	1	2	3	4	3	4	6	8	6	5	7	6	4	5	5	4	3	0	0	1	0	7	5	3	4	0	0	2	2	0	0	0	0	0	0	0	0	0	0	0	0	0	0	0	0	0	0	0	0	0	0	0	0	0	3	0	REB1
4	2	3	1	4	2	3	2	11	5	5	4	5	4	8	7	5	5	4	2	6	6	8	6	8	5	7	5	3	3	11	9	3	2	11	8	0	2	2	2	4	5	4	6	4	3	4	3	2	8	8	9	6	4	4	9	4	7	5	6	8	8	9	3	2	4	5	3	2	RPA135
3	4	0	3	2	0	3	0	5	8	3	3	4	4	5	3	3	5	3	4	5	4	7	6	8	10	5	6	1	2	8	8	2	2	9	7	0	1	0	2	4	3	3	2	0	1	0	0	1	3	1	1	1	0	2	3	1	4	5	4	3	2	1	0	2	3	4	0	0	RPA190
11	11	11	8	9	6	8	7	11	10	11	14	7	3	10	10	3	4	7	6	17	11	13	11	17	17	30	23	13	14	8	8	0	0	13	14	6	5	5	5	6	14	13	6	5	6	4	0	0	0	0	0	0	0	0	0	0	4	2	0	1	2	0	0	0	3	0	6	5	RPO21
9	6	6	5	4	4	7	3	6	6	4	8	3	2	7	6	4	0	4	0	12	11	7	10	10	8	12	13	5	4	1	3	0	3	12	12	0	2	0	0	0	8	5	4	5	0	1	0	0	1	0	4	0	0	0	3	2	0	4	2	1	2	1	3	3	4	3	0	0	RPB2
31	37	24	26	28	26	24	27	19	22	33	27	17	18	20	28	34	31	18	15	42	31	33	32	39	34	39	35	30	25	11	10	22	17	38	44	14	14	3	6	4	3	4	1	0	0	0	0	0	1	1	1	1	0	0	0	0	0	0	0	2	0	0	0	0	4	4	6	8	RPO31
1	1	1	0	2	0	1	0	1	0	2	2	0	0	0	0	1	1	1	0	3	0	0	1	2	3	3	0	1	5	1	1	0	0	4	3	0	0	0	0	0	0	0	0	0	0	0	0	0	0	0	0	0	0	0	0	0	0	0	0	0	0	0	0	0	0	0	0	1	RPC11
22	24	17	22	28	25	24	23	14	11	22	27	12	6	18	23	20	23	13	11	35	34	25	27	42	38	34	33	15	16	7	7	12	13	29	30	7	5	2	3	5	1	4	2	1	0	0	1	1	0	2	3	3	1	1	0	1	0	1	3	1	0	0	1	1	1	3	4	5	RET1
11	14	11	11	14	16	12	16	10	14	15	16	10	13	8	13	17	16	9	5	13	18	15	14	19	17	14	14	13	12	7	3	14	13	18	20	6	6	0	2	0	3	2	1	0	0	0	0	0	0	0	0	1	0	0	0	0	0	0	1	1	0	0	0	0	1	2	2	2	RPC82
6	3	6	9	6	6	5	6	3	4	7	6	4	4	7	6	7	3	3	6	10	13	7	9	9	10	14	11	6	9	4	5	6	3	8	9	4	2	2	4	0	3	2	2	1	0	0	0	0	1	1	2	1	0	0	0	0	0	0	1	1	0	1	0	0	2	2	2	3	RPC53
7	12	6	4	4	5	5	7	3	3	6	9	1	0	2	1	7	4	2	2	8	9	6	7	8	11	7	12	2	7	1	3	3	1	8	9	5	4	0	3	1	0	0	0	0	0	0	0	0	0	0	0	0	0	0	0	0	0	0	0	0	0	0	0	0	0	0	1	2	RPC37
3	6	8	8	9	7	7	7	3	6	10	12	0	6	2	6	4	7	2	3	5	8	9	6	7	6	3	8	6	7	1	1	3	5	10	12	0	1	1	1	1	0	0	0	0	0	0	0	0	0	0	0	0	0	0	0	0	0	0	0	0	0	0	0	0	0	0	1	0	RPC34
7	6	7	4	4	3	3	6	4	3	6	5	1	3	4	3	4	3	5	3	7	8	7	9	9	11	8	5	4	1	2	2	6	4	10	7	2	1	0	1	0	0	1	0	0	0	0	0	0	0	0	0	0	0	0	0	0	0	0	0	2	0	0	0	0	0	0	0	1	RPC31
1	1	1	0	2	2	3	2	0	1	1	2	0	1	1	3	0	0	0	2	0	0	3	2	0	1	0	0	1	0	0	0	0	0	3	5	0	0	0	0	0	0	0	0	0	0	0	0	0	0	0	0	0	0	0	0	0	0	0	0	0	0	0	0	0	0	0	0	0	RPC25
4	4	5	4	5	3	5	0	3	0	6	3	0	2	4	5	3	7	4	0	5	4	5	4	5	6	6	7	6	3	0	0	4	5	6	7	0	0	0	0	0	0	0	0	0	0	0	0	0	0	0	0	0	0	0	0	0	0	0	0	0	0	0	0	0	0	0	0	0	RPC17
9	7	10	9	10	12	7	9	9	11	11	12	3	8	10	9	8	10	8	6	10	10	15	12	11	10	7	10	9	10	7	7	6	9	11	17	2	2	4	3	3	3	3	2	3	3	0	2	0	1	0	1	2	1	1	0	1	0	0	2	3	0	0	1	0	3	0	2	3	RPC40
8	7	6	6	8	7	7	6	4	5	9	9	5	5	9	8	8	9	5	6	3	6	8	9	8	8	8	11	7	7	4	8	6	6	9	10	2	3	1	2	3	2	3	2	2	3	2	0	0	3	2	3	3	3	3	3	3	3	2	3	3	1	1	2	3	3	3	3	2	RPC19
3	3	3	3	4	3	3	3	4	4	3	4	3	4	4	4	2	3	2	2	3	7	2	3	5	6	5	2	0	3	3	3	4	5	4	5	0	0	0	0	1	2	1	0	0	0	0	0	0	0	0	0	0	0	0	0	0	0	0	0	0	0	0	0	0	2	0	0	0	RPB5
2	1	2	2	2	1	3	3	0	1	2	3	0	1	1	2	3	1	1	2	0	2	3	3	0	4	2	3	2	3	0	1	2	0	4	3	0	0	0	0	0	2	1	0	1	0	0	0	0	0	0	0	0	0	0	0	0	0	0	0	0	0	0	0	0	1	0	0	0	RPO26
3	4	3	3	2	3	3	4	5	3	3	3	2	1	3	3	3	5	2	4	4	4	6	4	4	6	6	5	3	4	4	3	4	3	5	4	2	1	1	1	2	3	3	1	2	1	1	0	1	1	1	2	1	1	1	1	1	1	1	1	1	0	0	1	1	1	1	1	1	RPB8
4	2	1	1	1	1	1	1	1	1	2	1	0	1	2	2	2	2	2	2	3	3	1	2	3	3	3	3	0	1	2	1	0	1	3	2	2	3	0	1	0	1	1	0	0	0	0	0	0	0	0	0	0	0	0	0	0	0	0	0	0	0	0	0	0	1	0	0	2	RPC10
0	0	0	1	0	0	2	0	0	2	2	2	0	0	2	2	3	2	2	0	1	2	2	2	2	2	2	2	2	0	0	0	0	0	4	0	0	0	0	0	0	0	0	0	0	0	0	0	0	0	0	0	1	0	0	1	1	0	0	1	0	0	0	0	0	0	0	0	0	RPB10
0	0	0	0	0	0	0	0	0	0	0	0	0	0	0	0	0	0	0	0	0	0	0	0	0	0	1	0	0	0	1	0	0	0	0	0	0	0	0	0	2	3	0	3	1	2	0	1	0	0	0	0	2	1	1	0	4	1	0	2	4	2	0	0	0	0	0	0	0	MDJ1
1	1	0	0	1	3	0	0	3	4	6	7	6	7	10	8	5	5	7	6	3	2	2	2	3	4	4	3	0	2	4	6	4	5	4	7	0	1	2	6	3	7	6	6	7	6	5	6	7	10	11	14	14	15	15	15	15	8	8	10	10	10	10	9	7	7	6	4	6	SCJ1
25	20	25	26	14	15	19	19	13	22	23	21	11	10	19	16	14	19	22	17	29	28	26	25	20	21	30	27	17	21	14	10	9	12	34	32	9	8	9	4	4	9	7	3	4	0	0	0	0	0	0	3	0	0	0	0	0	0	0	5	7	0	0	0	0	9	9	17	19	ISW1
16	7	10	7	11	12	7	5	6	3	7	6	0	2	7	8	9	11	8	7	10	6	6	9	11	10	10	7	4	6	8	7	0	0	9	8	0	1	0	0	0	1	1	0	0	0	0	0	0	0	0	0	0	0	0	0	0	0	0	0	0	0	0	0	0	2	1	4	6	ISW2
7	4	1	3	1	2	3	3	3	3	4	6	1	1	5	3	0	0	4	8	6	10	5	6	7	6	4	7	1	3	1	1	1	0	8	6	0	0	0	0	0	0	0	0	0	0	0	0	0	0	0	0	0	0	0	0	0	0	0	0	0	0	0	0	0	0	0	3	3	IOC2
6	5	4	2	3	2	4	3	5	3	3	6	2	2	3	3	1	2	2	5	10	14	14	8	12	8	6	8	2	3	0	4	1	2	12	15	1	0	0	0	0	2	1	0	0	0	0	0	0	0	0	0	0	0	0	0	0	0	0	0	0	0	0	0	0	0	1	4	2	IOC3
7	4	4	3	0	0	0	0	0	1	1	2	1	0	0	0	1	2	2	2	7	5	2	2	3	4	4	3	1	0	0	0	0	1	3	3	0	0	0	0	0	0	0	0	0	0	0	0	0	0	0	0	0	0	0	0	0	0	0	0	0	0	0	0	0	0	0	1	0	IOC4
3	4	3	6	4	9	1	3	0	4	3	0	0	2	5	1	1	2	4	0	8	6	7	6	8	8	4	8	3	2	0	2	1	0	6	11	0	0	0	0	0	0	0	0	0	0	0	0	0	0	0	0	0	0	0	1	0	0	0	0	1	0	0	0	0	2	1	0	0	RFC1
2	1	0	0	4	2	1	0	0	0	0	2	0	0	3	1	0	2	0	0	3	0	2	0	2	6	0	0	1	0	2	3	0	1	4	4	3	0	0	0	0	0	0	0	0	2	0	0	0	0	0	0	0	0	0	0	0	0	0	0	0	0	0	0	0	0	0	0	0	RFC2
1	2	0	2	1	2	1	2	1	1	3	1	1	1	1	1	2	2	1	1	2	3	3	3	3	3	1	0	0	0	1	0	1	0	2	3	0	0	1	0	0	0	1	0	0	0	0	0	0	0	0	0	0	1	0	1	1	0	0	1	1	0	1	1	1	1	1	0	0	RFC3
1	0	0	0	1	0	0	2	0	0	0	0	0	0	0	2	0	0	0	0	3	3	2	5	3	1	2	0	0	1	0	2	0	2	4	4	0	2	0	0	0	0	0	0	0	0	0	0	0	0	0	0	0	0	0	0	0	0	0	3	2	0	0	0	0	0	1	0	0	RFC4
2	3	0	0	1	0	0	0	2	1	0	1	1	1	2	3	0	0	1	0	4	3	4	2	6	4	3	4	2	1	2	2	0	0	3	2	0	0	0	1	1	1	1	0	1	0	0	1	0	1	1	1	0	1	1	3	3	0	1	1	2	1	1	1	1	0	0	1	1	RFC5
7	8	7	6	9	9	4	6	5	4	8	7	5	5	7	8	8	7	6	7	7	6	6	8	11	8	8	5	5	7	8	10	5	4	9	8	3	2	3	2	2	4	3	3	4	0	0	2	2	3	5	1	5	0	1	0	2	1	2	5	4	0	1	2	1	2	3	3	1	RIM1
0	0	0	0	0	0	0	0	0	0	0	0	2	3	1	0	0	0	0	0	13	12	8	5	12	9	3	0	3	2	0	0	0	0	0	0	0	0	0	0	0	0	0	0	0	0	0	0	0	0	0	0	0	0	0	0	0	0	0	0	0	0	0	0	0	0	0	0	0	NUP2
0	5	0	0	0	0	5	3	2	1	2	0	0	0	1	0	0	0	1	2	3	1	2	6	2	0	2	3	0	0	0	1	0	0	2	0	0	0	0	0	0	0	0	0	0	0	0	0	0	0	0	0	0	0	0	0	0	0	0	0	0	0	0	0	0	1	0	1	0	SIN3
2	4	1	2	1	2	3	4	3	1	2	0	0	1	0	2	0	0	0	2	6	3	2	2	5	7	4	3	3	4	0	1	1	0	0	0	0	0	0	0	0	0	0	0	0	0	0	0	0	0	0	0	0	0	0	0	0	0	0	0	0	0	0	0	0	0	0	0	0	SKN7
5	5	6	5	1	2	8	6	3	4	3	2	0	0	1	0	2	2	0	2	7	8	6	6	4	6	3	4	3	2	0	0	0	1	4	3	0	0	0	0	0	0	0	0	0	0	0	0	0	0	0	0	0	0	0	0	0	0	0	0	0	0	0	0	0	0	0	1	0	SKO1
5	7	4	3	3	1	2	3	1	2	3	2	1	0	2	3	3	2	2	1	3	5	4	2	2	3	4	2	0	1	0	3	3	0	3	3	3	1	0	0	0	0	0	0	0	0	0	0	0	0	0	0	0	0	0	0	0	0	0	1	0	0	0	0	0	0	0	2	2	SPT15
32	25	11	14	11	8	12	11	9	8	18	18	11	13	9	8	23	22	24	15	28	26	14	8	28	31	31	29	13	14	11	12	9	12	15	19	12	11	2	4	2	6	3	1	3	0	0	0	1	0	0	0	1	0	1	1	0	0	0	2	2	0	0	0	0	2	1	30	34	SPT16
0	0	0	0	0	0	0	0	0	0	0	0	0	0	0	0	0	0	0	0	4	3	1	1	4	3	2	1	0	0	0	0	0	0	0	0	0	0	0	0	0	0	0	0	0	0	0	0	0	0	0	0	0	0	0	0	0	0	0	0	0	0	0	0	0	0	0	0	0	SPT20
6	5	4	6	2	2	5	4	8	4	4	5	3	2	2	1	1	3	2	2	5	4	5	4	3	3	4	0	3	0	3	1	1	0	8	7	0	0	0	0	0	2	0	0	0	0	0	0	0	0	0	0	0	0	0	0	0	0	0	0	1	0	0	0	0	1	1	0	0	SPT5
0	0	0	0	0	0	0	0	2	0	0	0	0	0	1	1	0	0	0	0	0	0	0	1	0	0	0	0	0	0	3	1	0	0	0	1	0	0	0	2	0	2	3	0	1	2	2	0	0	1	0	0	1	6	3	3	3	2	0	3	2	0	3	3	2	3	2	0	0	SQT1
1	2	1	0	0	0	0	2	9	8	0	0	11	11	14	14	6	9	8	11	18	14	22	17	22	19	12	10	9	12	0	0	6	6	11	11	0	0	0	0	0	0	0	0	0	0	0	0	0	0	0	0	0	0	0	1	0	0	0	0	0	0	0	0	0	0	0	0	0	SRP1
3	0	2	3	5	5	2	3	4	5	0	0	6	5	7	6	5	6	3	5	6	8	7	8	7	10	10	11	1	5	10	8	0	0	3	5	4	4	5	5	7	4	8	4	3	6	6	4	4	6	6	6	4	2	5	7	6	5	5	12	10	4	6	7	9	4	3	5	4	SSC1
35	36	23	21	15	16	20	17	15	14	20	23	14	9	7	6	5	11	19	15	16	23	21	24	21	18	20	26	12	12	7	6	11	9	5	3	10	11	3	0	0	2	2	0	0	0	0	0	0	0	0	2	0	0	0	0	0	0	0	1	3	0	0	0	0	0	3	5	4	STH1
20	15	8	8	14	11	10	13	5	5	3	3	5	3	3	2	6	8	3	6	14	16	17	11	23	23	9	10	8	7	18	24	4	2	2	2	2	4	2	0	0	0	0	0	0	0	0	0	0	0	0	0	0	0	0	0	0	0	0	0	0	0	0	0	0	0	0	0	0	SUM1
3	3	0	0	0	0	0	0	0	0	0	0	0	0	0	0	0	0	1	0	5	6	3	3	1	4	7	5	1	1	0	0	0	0	0	1	0	0	0	0	0	0	0	0	0	0	0	0	0	0	0	0	0	0	0	0	0	0	0	0	0	0	0	0	0	0	0	0	0	SWC3
5	7	3	5	0	1	4	2	3	3	0	2	1	1	0	0	0	0	0	0	9	8	6	6	6	9	11	6	2	2	0	3	0	1	3	0	1	0	0	0	0	0	0	0	0	0	0	0	0	0	0	0	0	0	0	0	0	0	0	0	0	0	0	0	0	0	0	0	0	SWC4
5	3	2	3	3	3	5	4	5	3	2	4	0	0	1	0	0	1	2	2	3	4	7	7	6	7	3	5	3	2	3	3	0	0	2	0	0	0	0	0	0	0	0	0	0	0	0	0	0	0	0	0	0	0	0	0	0	0	0	0	0	0	0	0	0	0	0	1	0	SWC5
5	8	0	0	0	0	0	0	0	0	0	0	0	0	0	0	0	0	0	0	3	5	3	3	7	6	0	0	0	0	0	0	0	0	0	0	0	0	0	0	0	0	0	0	0	0	0	0	0	0	0	0	0	0	0	0	0	0	0	0	0	0	0	0	0	0	0	0	0	SWI3
9	8	8	4	6	5	5	4	5	4	8	8	4	1	2	2	2	2	3	4	6	10	14	11	8	8	8	10	3	4	3	2	1	2	7	7	0	1	0	0	0	1	1	0	0	0	0	0	0	0	0	0	0	0	0	0	0	0	0	0	0	0	0	0	0	1	1	1	3	SWR1
10	5	13	10	8	10	7	5	4	4	10	10	13	9	6	7	1	2	2	2	13	15	18	18	12	13	2	4	1	3	16	13	12	12	8	5	9	8	10	12	12	15	25	17	16	3	2	0	0	5	7	7	4	1	2	5	2	0	1	5	7	4	1	14	7	10	7	8	9	SXM1
3	4	0	1	0	1	1	5	1	2	1	1	1	2	0	0	0	0	1	1	3	2	4	4	2	3	2	4	1	0	1	0	0	0	0	0	0	1	1	0	0	0	0	0	0	0	0	0	0	0	0	0	0	0	0	0	0	0	0	0	0	0	0	0	0	0	0	0	0	TAF12
5	5	5	3	1	2	2	3	2	1	3	3	3	3	2	2	2	3	5	5	3	3	3	2	3	2	3	4	2	2	2	2	1	1	4	4	2	2	1	2	1	1	0	1	1	0	0	0	0	1	0	2	2	0	0	1	1	1	0	2	1	0	0	0	0	1	1	3	2	TAF14
2	3	3	0	0	0	3	3	2	2	0	0	1	1	2	0	1	0	0	0	1	1	4	4	3	0	5	1	3	3	2	2	0	0	4	1	0	0	0	0	0	0	0	0	0	0	0	0	0	0	0	0	0	0	0	0	1	0	0	0	0	0	0	0	0	0	0	0	0	TAF5
1	1	0	1	1	0	2	0	2	0	0	1	0	0	0	0	0	0	0	0	4	4	2	3	6	4	2	3	2	2	0	0	0	0	0	2	0	0	0	0	0	0	0	0	0	0	0	0	0	0	0	0	0	0	0	0	0	0	0	0	0	0	0	0	0	0	0	0	0	TAF6
1	2	0	0	0	0	0	0	1	0	1	0	0	0	0	0	0	0	0	0	2	2	0	0	2	3	3	4	0	0	0	0	0	0	0	0	0	0	0	0	0	0	0	0	0	0	0	0	0	0	0	0	0	0	0	0	0	0	0	0	0	0	0	0	0	0	0	0	0	TBF1
0	1	0	0	2	2	0	1	0	0	1	0	0	0	2	3	1	2	0	2	1	0	0	2	0	1	3	1	1	1	0	2	0	0	5	2	1	0	0	1	4	2	2	1	1	2	2	0	0	1	2	2	2	1	0	3	2	4	4	5	1	3	3	4	2	4	4	0	0	THS1
1	1	0	0	3	0	0	0	0	2	1	0	1	0	5	3	4	5	8	4	9	9	5	7	5	6	2	1	0	0	10	7	0	1	3	4	2	3	4	9	11	7	10	4	3	5	3	2	3	3	7	0	4	3	3	8	7	14	8	10	13	2	2	7	8	13	12	5	4	TIF1
1	1	0	0	3	0	0	0	0	2	1	0	1	0	5	3	4	5	8	4	9	9	5	7	5	6	2	1	0	0	10	7	0	1	3	4	2	3	4	9	11	7	10	4	3	5	3	2	3	3	7	0	4	3	3	8	7	14	8	10	13	2	2	7	8	13	12	5	4	TIF2
11	9	10	9	13	9	5	5	5	8	10	8	3	5	7	7	7	12	8	8	17	16	7	8	17	15	12	12	6	7	5	8	2	3	13	12	0	0	0	0	0	0	0	0	0	0	0	0	0	0	0	0	0	0	0	0	0	0	0	0	0	0	0	0	0	0	1	0	0	TOP1
12	10	4	2	4	4	1	2	3	2	10	6	3	2	3	4	10	12	10	11	8	8	1	2	8	8	6	7	4	3	7	6	2	3	5	4	2	5	0	0	0	0	0	0	0	0	0	0	0	0	0	0	0	0	0	0	0	0	0	1	0	0	0	0	0	0	1	4	5	TOP2
0	0	0	0	0	5	0	2	4	5	2	4	7	6	21	18	6	5	3	6	0	0	0	0	0	0	0	2	0	0	3	4	3	2	13	9	0	0	4	6	4	11	10	5	5	5	6	2	3	13	13	16	12	14	20	19	19	13	12	15	13	8	7	14	18	11	11	0	0	URA7
34	24	24	21	37	48	11	12	9	9	16	18	11	17	13	11	41	52	20	28	18	14	18	12	34	29	8	10	8	5	28	22	12	16	26	29	5	5	0	0	0	3	5	3	0	0	0	2	1	0	0	0	0	0	0	0	0	0	0	4	3	0	0	0	0	0	0	4	3	VPS1
0	0	0	0	0	0	0	0	1	2	2	1	2	2	6	6	1	2	2	1	1	1	1	2	2	0	0	4	0	0	0	0	2	3	0	0	0	0	0	4	1	0	1	3	2	0	0	0	0	7	7	14	17	5	6	14	11	6	3	4	0	12	8	9	7	8	9	0	0	VPS13
2	3	1	0	1	1	0	3	2	4	2	0	1	1	1	2	0	0	2	1	3	3	4	5	3	5	4	5	2	2	0	0	0	0	2	1	1	2	0	0	0	0	0	0	0	0	0	0	0	0	0	0	0	0	0	0	0	0	0	0	0	0	0	0	0	0	0	0	0	VPS71
8	6	3	3	2	1	3	1	4	3	2	2	1	1	2	1	2	2	2	2	7	11	6	9	4	7	7	6	2	4	4	1	2	2	3	3	2	3	0	0	0	0	1	0	0	0	0	0	0	0	0	0	0	0	0	0	0	0	0	0	0	0	0	0	0	0	1	1	0	VPS72
3	2	1	1	0	0	1	0	0	1	1	1	0	0	1	0	0	0	0	0	2	4	1	1	1	0	0	0	0	0	0	0	0	0	1	1	0	0	0	0	0	0	0	0	0	0	0	0	0	0	0	0	0	0	0	0	0	0	0	0	0	0	0	0	0	0	0	0	0	YAF9
0	0	0	0	1	0	0	0	4	2	2	2	3	3	5	8	1	3	0	2	0	0	0	0	0	0	0	0	0	0	5	5	2	1	0	0	0	1	2	2	4	2	3	2	4	4	5	5	5	8	9	5	2	5	4	15	12	6	5	9	8	3	5	2	3	4	3	0	2	YHB1
3	0	0	2	5	4	0	0	2	0	2	0	0	0	0	0	1	0	0	0	2	0	4	2	2	2	0	0	1	2	1	0	1	0	0	2	0	0	0	0	0	0	0	0	0	0	0	0	0	0	0	0	0	0	0	0	0	0	0	0	0	0	0	0	0	0	0	0	0	YKU70
1	2	2	4	2	2	2	1	3	2	1	0	0	0	1	3	3	1	2	1	3	3	6	7	4	5	5	4	1	3	0	0	0	1	5	4	0	0	0	0	0	0	0	0	0	0	0	0	0	0	0	0	0	0	0	0	0	0	0	0	0	0	0	0	0	0	0	0	0	YKU80
8	10	9	11	12	12	7	6	13	13	14	12	6	8	4	6	7	4	7	6	2	2	3	3	2	3	1	0	0	0	12	14	8	4	7	6	11	11	15	9	9	14	13	6	7	8	8	9	11	3	2	5	8	2	2	1	2	6	5	2	2	3	3	12	11	10	8	13	15	YRB30
27	24	22	20	18	20	21	17	20	17	14	14	8	7	7	8	6	9	8	11	49	53	30	34	45	50	43	46	22	27	13	11	9	7	12	10	11	11	1	6	5	7	7	4	2	0	0	0	0	0	0	0	2	0	0	0	0	0	0	0	0	0	0	0	0	1	1	8	9	YTA7
12	10	8	8	3	3	4	2	7	7	5	7	6	4	1	1	3	3	2	2	5	6	7	7	8	5	9	8	4	2	0	3	3	2	5	5	3	3	0	0	0	1	0	0	0	0	0	0	0	0	0	0	0	0	0	0	0	0	0	1	0	0	0	0	0	0	1	2	4	BDF1
0	2	0	0	0	0	0	0	0	0	0	0	0	0	0	0	0	0	0	0	0	0	0	0	0	0	0	0	0	0	4	1	0	0	0	0	3	4	5	0	4	3	2	0	0	8	7	3	0	0	0	0	0	0	0	0	0	2	1	0	0	0	1	1	1	0	0	0	1	DYS1
0	0	0	0	1	0	0	0	0	1	2	1	2	0	3	6	0	0	2	0	1	2	4	3	4	4	2	2	0	0	0	2	4	3	3	3	0	1	0	0	0	0	1	2	0	2	1	0	0	3	2	3	1	1	4	2	3	2	3	2	3	6	3	3	2	4	3	0	0	GCD11
16	15	9	9	6	5	6	7	6	6	13	12	8	6	6	8	11	11	11	9	17	17	9	6	17	17	11	12	6	8	8	5	6	8	10	11	6	7	3	2	2	1	1	1	1	0	0	0	1	0	0	1	1	0	0	0	0	0	1	1	2	0	0	1	0	1	1	20	24	POB3
0	0	0	0	0	0	0	0	2	0	0	0	0	1	2	0	0	0	0	0	3	5	3	3	3	3	2	2	0	0	0	0	0	0	0	0	0	0	0	0	0	0	0	0	0	0	0	0	0	0	0	0	0	0	0	0	0	0	0	0	0	0	0	0	0	0	0	0	0	SEN1
1	1	0	0	0	0	1	1	3	2	0	0	0	0	0	0	0	0	0	0	19	24	12	12	19	21	4	5	2	2	0	0	0	0	0	0	0	0	0	0	0	0	0	0	0	0	0	0	0	0	0	0	0	0	0	0	0	0	0	0	0	0	0	0	0	0	0	0	0	HAP1
4	5	4	3	3	3	3	3	3	4	5	4	3	2	0	2	3	1	0	0	4	3	1	1	1	2	4	2	4	2	3	1	3	3	0	0	1	2	1	0	0	0	0	0	1	0	0	0	0	0	0	1	0	0	0	0	0	0	0	0	0	0	0	0	0	0	0	0	0	HTL1
17	13	10	6	12	11	4	4	4	8	7	8	0	0	6	4	11	9	6	8	20	15	9	13	19	16	12	17	4	5	12	5	1	1	7	16	0	1	0	0	0	0	0	0	0	0	0	0	0	0	0	0	0	0	0	0	0	0	0	0	0	0	0	0	0	0	1	0	3	ITC1
9	14	11	10	6	5	5	8	3	5	5	7	5	5	3	6	9	10	6	5	9	8	5	7	6	7	6	6	3	5	4	4	3	5	4	4	3	0	0	0	0	0	0	0	0	0	0	0	0	0	0	0	0	0	0	0	0	0	0	0	0	0	0	0	0	0	0	5	3	IES1
5	7	6	3	1	2	0	6	2	2	3	2	3	2	6	6	5	5	8	4	5	5	4	2	4	6	3	5	1	1	5	4	0	5	3	5	0	0	0	0	0	4	3	0	0	0	0	0	0	0	0	1	0	0	0	0	0	0	0	0	0	0	0	0	0	2	1	5	3	IES2
5	5	6	3	4	4	3	3	3	3	4	5	1	2	2	3	6	3	4	5	4	6	3	4	4	5	5	3	3	2	5	2	3	3	6	3	0	2	0	1	0	0	0	0	0	0	0	0	0	0	0	0	0	0	0	0	0	0	0	1	0	0	0	0	0	0	0	1	0	IES3
4	2	4	4	5	1	2	2	1	2	5	4	1	1	1	1	4	4	2	3	1	1	1	1	2	1	2	2	2	2	4	1	1	1	4	4	1	2	1	0	0	0	1	0	0	0	0	0	0	0	0	0	0	0	0	0	0	0	0	0	0	0	0	0	0	0	1	1	1	IES4
6	5	2	3	1	1	1	2	0	3	0	2	1	1	0	3	4	2	2	1	4	3	2	1	4	2	3	2	2	2	0	1	2	3	0	0	0	2	0	0	0	0	0	0	0	0	0	0	0	0	0	0	0	0	0	0	0	0	0	0	0	0	0	0	0	0	0	0	0	IES5
2	1	0	0	0	1	0	2	0	0	0	0	0	1	3	3	3	4	3	3	0	1	0	0	1	0	1	2	0	0	2	1	1	1	2	1	0	0	0	2	2	1	2	0	0	0	0	1	0	3	2	4	7	6	4	6	7	4	3	7	8	3	1	1	5	1	2	0	0	FET3
11	13	6	8	6	7	8	9	4	7	4	10	4	6	3	5	7	12	5	9	9	8	4	4	6	9	8	7	5	6	9	6	5	3	4	6	5	4	0	0	0	0	0	0	0	0	0	0	0	0	0	0	0	0	0	0	0	0	0	0	0	0	0	0	0	0	2	8	3	NHP10
0	0	0	0	1	0	0	0	0	0	0	0	2	2	2	2	0	0	1	0	6	11	0	5	5	5	0	2	2	1	2	0	0	2	0	0	1	1	0	0	0	1	0	0	0	0	0	0	0	3	3	5	3	4	2	2	1	0	1	0	0	1	0	0	1	1	0	3	0	NMD5
0	0	0	0	2	1	0	0	2	1	0	0	0	1	5	4	1	0	1	2	4	3	2	2	6	3	2	1	1	0	0	1	2	1	0	1	0	0	0	0	0	0	0	1	2	2	2	0	0	5	2	7	10	4	0	2	3	2	2	7	8	3	1	2	2	2	4	0	0	NUG1
3	4	0	0	0	0	0	0	0	0	0	0	0	0	0	0	0	0	0	0	3	4	0	0	0	0	7	6	2	2	0	0	0	0	0	1	3	2	0	0	0	0	1	0	0	0	0	0	0	0	0	0	0	0	0	0	0	0	0	2	0	0	0	0	0	0	0	0	0	REP1
3	4	0	0	0	0	0	0	0	0	0	0	1	0	0	0	0	0	0	0	3	3	3	2	1	1	4	9	1	2	0	0	0	0	0	0	3	3	0	0	0	1	0	0	0	0	0	0	0	0	0	0	0	0	0	0	0	0	0	0	0	0	0	0	0	0	0	0	3	REP2
28	22	18	18	18	18	17	21	14	11	20	18	16	14	16	15	21	27	23	20	23	25	15	14	27	27	20	16	12	15	10	10	10	11	18	19	6	9	2	0	0	4	3	0	2	0	0	0	0	0	0	2	4	0	0	0	0	0	0	0	5	0	0	0	0	4	5	8	13	INO80
6	6	5	2	3	4	5	5	4	4	4	6	3	3	2	3	5	4	4	4	6	7	3	3	5	6	6	8	2	3	2	2	3	4	1	1	5	6	2	0	1	1	1	0	0	0	0	0	0	0	0	0	0	0	0	0	0	0	0	0	0	0	0	0	0	1	0	3	3	RTT102
1	0	0	0	0	0	0	0	0	0	0	0	0	0	0	0	0	0	0	0	2	3	1	0	2	4	0	0	0	0	0	0	0	0	0	0	0	0	0	0	0	0	0	0	0	0	0	0	0	0	0	0	0	0	0	0	0	0	0	0	0	0	0	0	0	0	0	0	0	ADR1
29	30	21	30	25	26	26	30	20	21	24	23	19	17	23	24	25	31	31	26	31	30	23	22	29	32	31	34	20	21	23	24	18	22	26	27	15	16	14	9	11	14	14	6	7	3	4	6	4	13	11	19	14	11	10	13	14	11	13	18	18	9	11	9	9	15	12	19	18	RVB1
34	35	31	32	34	31	25	33	26	23	27	26	19	19	20	19	31	36	36	32	31	35	25	31	31	35	38	26	23	21	22	27	18	25	26	30	22	26	17	15	15	12	14	9	11	8	5	10	10	11	12	13	16	9	11	12	11	10	7	20	22	9	4	7	11	11	17	25	28	RVB2
14	16	6	6	4	5	5	10	1	2	6	5	5	1	8	7	6	6	9	5	12	12	8	11	15	15	13	13	5	7	2	2	6	4	13	17	4	4	0	0	0	0	0	0	0	0	0	0	0	0	0	0	0	0	0	0	0	0	0	0	0	0	0	0	0	0	0	2	2	MOT1
5	2	0	0	0	0	1	2	0	0	1	0	0	0	0	0	0	0	0	0	3	0	2	0	0	0	1	3	0	0	0	0	0	1	0	2	0	0	0	0	0	0	0	0	0	0	0	0	0	0	0	0	0	0	0	0	0	0	0	0	0	0	0	0	0	0	0	0	0	BRF1
1	1	1	1	1	2	2	1	0	0	1	1	1	1	1	1	2	1	1	1	4	3	2	1	2	1	1	1	0	1	0	0	0	0	1	1	0	0	0	0	0	0	0	0	0	0	0	0	0	0	0	0	0	0	0	0	0	0	0	0	0	0	0	0	0	0	0	0	1	HAA1
2	4	3	2	1	2	2	2	1	1	2	2	2	1	1	1	1	2	2	1	2	3	2	2	0	2	0	3	1	3	0	0	1	0	0	3	0	0	0	0	0	0	0	0	0	0	0	0	0	0	0	0	0	0	0	0	0	0	0	0	0	0	0	0	0	1	0	0	0	CRZ1
3	5	0	1	0	0	0	0	0	0	1	2	0	0	0	0	0	0	0	0	3	2	3	4	2	4	2	1	1	0	0	1	1	1	0	0	0	1	0	0	0	0	0	0	0	0	0	0	0	0	0	0	0	0	0	0	0	0	0	0	0	0	0	0	0	0	0	0	0	RCO1
1	1	2	0	0	1	0	0	0	0	1	1	1	0	0	1	0	0	0	2	2	4	5	2	1	2	4	4	0	2	1	0	1	0	2	1	1	1	0	0	0	0	0	0	0	0	0	0	0	0	0	0	0	0	0	0	0	0	0	0	0	0	0	0	0	0	0	0	0	ARP6
15	15	13	5	13	9	7	9	4	6	7	7	5	3	5	7	10	12	12	15	14	14	8	4	12	9	8	8	3	11	7	6	6	6	13	12	4	2	0	0	0	1	0	0	0	0	0	0	0	0	0	0	0	0	0	0	0	0	0	0	1	0	0	0	0	2	0	10	9	ARP8
13	10	7	4	2	3	5	4	2	1	5	4	2	0	2	1	0	0	3	4	12	6	6	4	10	9	7	8	3	4	3	4	0	2	0	0	4	1	3	0	0	0	0	1	0	0	0	0	0	0	0	0	0	0	0	0	0	0	0	0	0	0	0	0	0	0	0	2	2	ARP9
12	10	11	7	6	8	7	6	6	5	7	8	4	6	7	8	9	9	13	10	8	7	10	7	10	9	9	9	7	8	6	5	6	5	12	10	6	6	2	0	0	2	1	0	1	0	0	0	0	1	0	0	3	0	0	0	0	0	0	1	2	0	0	0	0	4	1	6	5	ARP4
10	13	8	5	9	2	3	6	5	4	10	9	6	3	5	8	7	9	9	8	10	8	5	4	9	9	10	7	4	4	7	5	5	6	7	3	8	3	3	0	1	2	2	2	0	0	0	0	0	0	0	2	2	0	0	0	1	0	0	2	2	0	0	0	0	1	1	4	6	ARP5
10	8	6	6	4	3	6	5	4	5	6	6	3	5	2	4	3	1	5	5	11	8	5	7	8	11	8	12	2	1	3	3	3	4	1	4	5	5	1	0	1	1	1	0	0	0	0	0	0	0	0	0	0	0	0	0	0	0	0	2	2	0	0	0	0	0	1	0	2	ARP7
5	6	5	0	0	0	2	3	2	2	2	0	0	0	2	2	0	0	3	2	6	6	3	6	7	8	8	6	3	2	2	2	0	1	1	0	0	0	0	0	0	0	0	0	0	0	0	0	0	0	0	0	0	0	0	0	0	0	0	0	0	0	0	0	0	0	0	0	0	ASG1
6	6	7	4	2	0	3	4	1	2	3	7	0	2	0	0	0	2	5	2	1	3	2	0	0	1	4	5	0	0	0	0	1	0	5	8	0	1	0	0	0	0	0	0	0	0	0	0	0	0	0	0	0	0	0	0	0	0	0	0	0	0	0	0	0	0	0	0	0	ABF1
23	18	13	12	9	10	15	15	8	8	12	13	9	7	9	11	11	10	10	16	24	26	17	16	24	27	27	25	13	14	8	6	6	7	17	20	7	9	4	8	7	4	6	0	3	0	0	0	0	0	0	5	3	0	0	0	0	0	0	5	5	0	0	0	0	6	5	3	3	ABF2
0	0	0	0	0	0	0	0	0	0	0	0	0	0	0	0	0	0	0	0	0	0	0	0	0	0	0	0	0	0	1	0	0	0	0	0	0	0	0	2	0	1	0	0	0	3	2	0	0	4	3	0	0	3	0	3	5	4	0	3	5	4	1	7	3	3	2	0	0	NEW1
0	0	0	0	1	2	0	0	0	0	0	0	1	2	4	4	1	1	0	2	0	0	0	0	1	0	0	2	0	0	5	2	2	2	0	1	1	2	1	1	2	1	2	5	1	6	3	4	2	5	5	4	5	8	5	10	8	3	2	7	6	3	0	3	3	1	2	4	3	RPT2
4	0	8	8	11	10	13	13	8	11	1	0	5	7	14	14	2	6	7	10	4	2	2	6	3	4	14	19	13	9	19	21	1	1	5	5	5	7	10	12	16	24	22	16	18	23	17	17	14	14	15	8	7	7	9	10	14	10	17	31	32	24	25	17	11	14	12	6	3	LEU2
0	0	0	0	0	0	0	0	0	0	0	0	0	0	0	0	0	0	0	0	0	0	0	0	0	0	1	0	0	1	0	0	0	5	0	0	0	0	0	0	0	0	0	0	0	0	0	0	0	0	0	0	0	0	0	0	0	0	0	0	0	0	0	0	0	0	0	0	0	XRN1
1	2	3	1	4	2	4	3	3	3	3	4	3	3	5	7	2	2	1	3	3	2	4	4	5	4	1	1	3	6	2	1	8	10	6	5	1	1	2	1	2	1	1	2	2	1	3	2	2	2	2	5	3	4	4	5	7	2	2	1	2	2	3	2	1	2	5	1	1	RPL22A
3	3	3	3	3	6	6	3	4	3	5	4	5	4	7	9	6	5	4	3	4	7	7	5	5	2	2	5	1	5	5	6	9	14	3	4	3	4	3	4	2	4	4	2	4	3	3	5	4	5	6	4	6	6	9	4	4	5	3	4	7	2	2	2	5	4	3	2	2	RPL23A
0	1	0	0	1	0	0	1	0	0	1	0	1	1	0	0	1	0	0	1	0	4	0	1	4	5	0	1	1	0	1	1	6	2	1	0	0	0	2	0	0	1	1	1	0	0	0	1	0	0	0	1	1	0	1	1	1	0	0	1	1	0	1	0	0	0	0	0	0	RPL38
0	0	0	0	1	3	0	1	0	2	0	1	0	0	1	2	0	0	0	0	0	0	0	2	0	0	0	0	0	0	1	3	0	0	0	1	0	0	0	0	0	0	2	2	2	7	6	0	0	0	2	2	3	2	4	4	0	0	0	4	4	1	2	4	4	5	5	0	0	ARB1
0	0	4	0	10	5	3	2	7	5	5	5	11	12	19	22	5	8	3	5	0	0	3	1	0	2	2	2	1	3	9	11	6	3	5	6	3	4	5	9	6	11	9	8	8	8	10	4	4	14	18	24	25	19	28	22	23	13	16	22	22	13	12	18	21	9	13	0	0	ILV2
2	1	0	0	7	3	3	2	2	2	1	2	3	5	7	12	0	2	2	4	0	0	2	1	0	0	2	0	0	1	3	7	1	1	2	3	3	1	3	6	5	9	7	4	4	5	4	3	3	6	9	9	10	4	7	11	15	6	6	12	11	10	16	8	12	9	5	3	4	ILV6
0	0	0	0	4	9	0	0	0	0	2	0	2	0	5	7	0	1	0	3	0	0	0	0	0	0	0	1	0	0	3	4	0	0	0	0	0	2	4	4	1	4	5	8	4	5	4	3	0	10	6	12	7	3	5	4	8	4	6	15	18	4	5	7	4	6	2	0	1	ACC1
0	0	0	0	0	1	0	0	1	0	0	2	0	0	3	1	2	3	2	1	1	0	1	0	0	0	0	0	0	0	1	0	0	0	7	3	0	0	0	3	3	2	0	0	0	4	1	0	0	2	2	5	6	3	2	2	5	8	5	3	2	5	5	5	7	8	11	0	0	ACS2
0	0	0	0	2	0	0	0	0	1	0	0	1	1	0	0	2	2	2	1	0	0	0	0	0	0	0	1	0	0	0	1	0	0	0	0	0	0	0	4	4	2	1	0	0	1	1	0	2	1	1	2	2	0	0	1	1	2	1	1	1	0	1	2	3	2	1	3	4	ACO1
16	20	22	24	33	30	24	25	17	16	19	21	18	19	25	28	32	29	32	33	16	21	24	21	22	19	24	26	12	9	24	27	10	14	25	27	15	11	14	20	20	27	31	15	18	19	22	12	19	24	31	32	36	26	26	29	32	23	26	36	45	21	19	30	29	31	32	20	17	ACT1
0	0	0	0	0	0	0	0	0	0	0	0	0	0	0	0	0	0	0	0	0	0	0	0	0	0	3	2	0	0	3	1	0	0	0	0	0	0	1	1	2	5	2	0	0	2	2	5	4	0	0	1	1	0	0	1	0	0	0	0	3	0	0	0	1	0	0	0	0	ARP3
0	0	0	0	0	0	0	0	0	0	0	0	0	0	1	2	0	0	0	0	0	0	0	0	0	0	0	0	0	0	0	0	0	0	0	0	0	0	0	0	0	0	0	0	0	0	0	0	0	2	1	0	0	2	5	3	3	4	3	0	1	0	0	0	0	0	0	0	0	AAH1
0	0	0	0	0	0	0	0	0	0	0	0	0	0	0	0	0	0	0	0	0	0	0	0	0	0	0	0	0	0	0	0	0	0	0	0	0	0	0	0	0	0	0	0	0	0	0	0	0	0	0	0	0	0	0	1	3	0	0	2	4	0	0	0	0	0	0	0	0	APT1
0	0	1	1	1	1	2	2	2	2	1	1	1	1	2	1	2	2	1	2	0	1	0	1	0	0	0	0	0	0	4	5	0	1	1	0	0	2	2	4	7	2	3	1	1	2	2	2	2	2	2	1	1	1	1	3	2	4	5	1	1	1	2	0	1	1	1	0	0	ADO1
0	0	0	0	0	0	0	0	0	0	0	0	0	0	2	1	0	3	0	0	0	0	0	0	0	0	0	0	0	0	0	0	0	0	0	0	0	0	0	1	0	1	2	0	0	0	1	0	0	4	3	1	2	0	0	7	3	3	1	2	3	0	0	1	3	2	0	0	0	ADE12
1	2	3	5	5	5	2	2	2	0	2	3	0	0	2	2	0	3	3	3	0	0	0	0	1	2	0	1	0	0	3	4	1	2	2	2	0	1	0	1	0	3	5	4	4	3	5	2	5	7	5	4	6	2	2	1	0	0	0	4	3	0	3	0	4	3	0	2	5	AAC3
0	0	0	0	0	0	0	0	0	0	0	0	1	0	0	0	1	2	2	2	0	0	0	0	0	0	0	0	0	0	0	0	0	0	0	0	0	0	0	1	0	2	0	0	0	0	2	0	0	0	2	2	1	0	2	2	3	6	3	4	0	0	2	1	4	0	3	0	0	AAP1
0	0	0	0	0	0	0	0	0	0	0	0	0	0	0	0	0	1	0	1	0	0	0	0	0	0	0	0	0	0	0	0	0	0	0	0	0	0	0	0	2	2	3	0	0	4	4	0	0	0	1	0	1	1	1	0	0	0	6	5	3	2	2	5	2	3	2	0	0	ALA1
0	0	0	0	0	0	0	0	0	0	0	0	0	0	0	0	0	0	0	0	0	0	0	0	0	0	0	0	0	0	0	0	0	0	0	0	0	0	0	0	1	0	0	0	0	0	0	0	0	1	3	0	0	3	3	2	4	0	0	0	2	0	0	0	0	0	0	0	0	YAR1
0	0	0	0	0	0	0	0	0	0	0	0	0	0	0	0	4	2	4	5	0	0	1	0	0	0	0	0	0	0	0	1	0	0	0	0	0	0	0	9	7	1	2	0	0	0	3	0	0	0	0	0	0	0	0	0	0	8	4	0	0	6	5	11	8	7	6	0	0	ARG1
0	0	0	0	0	0	0	0	0	0	0	0	0	0	0	0	0	0	0	0	0	0	0	0	0	0	0	0	0	0	0	0	0	0	0	0	0	0	0	0	0	1	0	0	1	8	8	2	4	0	0	0	0	0	0	0	0	0	0	1	0	4	4	0	0	0	0	0	0	ARO9
0	0	0	0	0	0	0	0	0	0	0	0	0	0	2	1	3	3	3	6	0	0	0	1	0	0	0	2	0	0	4	3	0	0	2	1	0	1	0	2	3	3	4	0	0	2	2	0	0	0	2	1	5	0	1	2	3	5	6	8	8	2	2	5	3	6	5	0	0	ASN2
0	0	0	0	0	0	0	0	0	0	0	0	0	0	0	0	0	0	0	0	0	0	0	0	0	0	0	0	0	0	0	0	0	0	0	0	0	0	0	1	0	0	0	0	0	2	0	0	0	0	0	4	2	0	0	0	0	0	0	8	3	1	0	5	3	4	3	0	0	DED81
0	0	0	0	0	0	0	0	0	0	0	0	0	0	0	0	0	1	3	2	0	0	0	0	0	0	0	0	0	0	0	0	0	0	0	0	0	0	0	4	2	0	0	0	0	0	0	0	0	0	0	0	0	0	0	2	0	1	1	0	0	0	2	2	2	2	0	1	0	AAT2
0	0	0	0	0	0	154	161	12	8	7	6	0	0	2	1	0	0	0	1	0	0	0	0	0	0	0	0	0	0	0	0	0	0	0	2	0	0	0	0	0	0	0	102	123	1	0	0	0	0	0	0	0	0	0	0	0	0	0	0	0	0	0	0	0	0	0	0	0	AAT1
0	0	0	0	0	0	0	0	0	1	0	0	0	0	1	0	0	0	1	1	2	0	0	1	2	0	0	2	0	0	0	2	0	0	0	2	0	0	0	7	5	1	2	0	0	0	0	0	0	0	1	0	2	2	3	3	1	2	2	1	2	2	0	4	5	6	4	0	0	HOM2
0	0	0	0	3	2	0	0	3	4	3	3	3	4	4	10	2	6	5	7	0	0	2	2	0	0	0	0	0	0	2	3	2	2	5	4	0	0	0	3	3	2	4	2	1	3	3	2	1	5	3	9	7	7	7	8	10	7	6	3	5	6	5	7	8	9	10	0	0	DPS1
0	0	0	0	0	0	0	0	0	0	0	0	0	0	0	0	0	0	0	0	0	0	0	0	0	0	0	0	0	0	0	0	0	0	0	0	0	0	0	0	0	0	0	0	0	0	0	0	0	0	0	0	0	0	0	4	0	0	0	0	0	0	0	0	4	0	0	0	0	HOM3
3	5	4	4	2	6	4	6	4	4	5	5	0	0	3	4	6	4	2	3	2	2	0	0	0	1	1	2	0	1	0	1	0	0	7	8	3	3	0	0	0	1	1	0	0	0	0	0	0	0	0	0	0	0	0	0	0	0	0	0	0	0	0	0	0	0	0	0	1	CST6
0	0	0	0	0	0	0	0	0	0	0	0	0	0	1	1	1	2	3	1	0	0	0	0	0	0	0	0	0	0	0	0	1	0	0	0	0	0	0	0	1	0	1	0	0	0	0	0	0	3	2	1	2	1	1	2	2	4	3	3	3	0	2	5	4	0	1	0	0	HIS1
0	0	0	0	0	0	0	0	0	2	0	0	3	3	4	3	0	2	3	0	0	0	0	0	0	0	1	2	2	1	0	0	2	0	0	2	0	0	0	0	0	0	0	1	0	0	0	0	0	9	10	7	7	7	9	7	9	4	2	3	7	4	6	6	6	4	3	0	0	AFG2
0	0	2	0	4	3	2	0	2	2	8	6	5	6	7	6	5	3	8	7	0	0	3	3	2	2	0	2	0	0	5	7	3	0	4	4	3	5	3	4	5	8	7	6	4	6	8	12	14	8	10	8	7	4	9	9	12	19	15	9	9	6	9	7	8	10	5	10	7	PFK2
0	0	0	0	0	1	0	0	0	0	0	0	1	0	2	1	0	0	0	0	0	0	0	1	0	0	0	0	0	0	0	0	0	0	1	1	0	0	0	0	0	0	0	0	0	0	0	1	1	0	1	0	0	0	0	4	2	1	1	1	1	1	1	2	1	1	1	0	0	FAL1
0	0	0	0	1	0	1	0	1	1	1	1	1	1	3	2	1	0	0	1	0	0	1	0	0	0	0	0	0	0	4	3	1	0	0	0	1	1	3	2	2	0	1	1	0	1	1	2	2	1	4	0	0	3	2	3	2	3	3	4	5	4	2	2	1	2	2	1	0	SUB2
5	9	5	5	7	9	9	11	15	13	11	7	23	27	30	32	32	33	16	21	6	7	8	9	10	8	16	10	11	12	20	19	14	13	9	7	14	14	14	20	23	22	20	16	14	22	17	15	15	32	34	30	22	48	46	32	42	28	27	36	39	26	26	29	34	20	25	10	14	ADE5,7
0	1	0	0	0	2	2	0	0	2	0	0	0	2	1	3	2	2	3	1	2	0	4	3	1	1	2	2	0	3	0	3	0	1	0	3	0	0	0	3	3	2	2	0	2	2	0	1	3	2	3	4	1	2	5	1	4	1	3	3	1	1	2	3	4	3	3	0	0	CMD1
0	3	0	0	4	2	1	3	8	10	1	0	14	11	13	15	21	20	22	29	6	2	4	6	6	7	6	6	2	2	5	7	4	4	3	7	2	3	1	18	18	15	16	5	5	8	6	1	1	13	14	13	13	14	11	13	15	27	28	8	9	31	29	33	36	22	23	5	5	CPA2
1	0	2	3	5	7	5	3	6	7	7	5	10	10	14	14	3	3	3	3	0	0	3	3	0	1	2	1	2	2	5	6	6	2	9	10	5	3	8	7	6	6	5	8	3	7	8	6	3	17	17	14	16	13	21	21	20	11	9	7	17	17	15	13	9	8	9	0	0	CHA1
0	0	0	0	0	0	0	0	0	0	0	0	0	0	3	0	0	0	0	0	0	0	0	0	0	0	1	0	0	0	0	0	0	0	0	1	0	0	0	0	0	0	0	0	0	0	0	0	0	2	0	2	3	1	2	4	2	0	1	0	0	0	0	1	4	4	2	0	0	CDC3
0	0	0	0	1	1	0	0	0	1	2	2	0	2	2	2	0	2	1	2	0	0	0	0	0	0	0	0	0	0	0	0	0	0	1	1	0	0	0	0	1	1	2	2	2	1	1	1	1	3	3	4	3	3	3	3	2	2	1	3	3	2	2	2	2	3	2	1	1	CDC42
1	0	0	0	2	2	0	0	0	0	0	0	3	3	6	7	1	3	0	0	0	0	0	0	0	0	1	0	0	0	2	1	0	0	0	1	1	0	0	4	4	4	6	1	2	2	0	1	0	3	8	13	6	4	3	6	4	3	4	4	7	4	4	5	3	3	3	1	2	SEC27
0	0	0	0	3	3	0	0	1	0	0	0	0	0	2	2	0	0	0	2	0	0	0	0	0	0	0	0	0	0	3	5	0	0	0	0	1	0	0	7	0	4	3	1	0	5	3	2	3	1	4	4	5	4	2	7	5	7	4	12	15	6	3	9	8	8	10	0	0	CYS4
0	0	0	0	0	0	0	0	0	0	0	0	0	0	0	0	0	0	2	0	0	0	0	0	0	0	0	0	0	0	0	0	0	0	1	0	0	0	0	1	3	3	4	0	0	0	0	0	0	0	0	0	1	0	0	2	1	2	0	2	2	0	0	2	3	2	2	0	0	CYS3
0	0	0	0	0	0	0	0	0	0	0	0	0	0	0	0	0	0	0	0	0	0	3	0	0	0	0	0	0	0	1	2	0	0	0	0	0	0	0	0	0	2	1	0	0	4	3	0	0	0	0	0	0	0	0	1	1	0	0	0	0	1	0	2	0	2	0	0	0	EFB1
0	0	0	0	0	0	0	0	0	0	0	0	0	1	1	0	0	0	0	3	0	0	0	0	0	0	0	0	0	0	0	0	0	0	0	0	0	0	0	0	0	0	2	0	0	0	2	0	0	2	1	0	1	0	0	2	4	0	0	2	0	0	0	0	0	0	0	0	0	CAM1
17	17	13	13	30	31	17	20	18	22	21	23	31	31	39	42	23	18	23	22	21	19	20	23	17	17	23	27	22	24	40	32	24	26	21	19	20	16	21	38	34	32	31	26	21	30	28	27	26	37	35	39	39	64	69	51	48	25	27	51	61	32	29	42	53	49	47	16	22	EFT1
17	17	13	13	30	31	17	20	18	22	21	23	31	31	39	42	23	18	23	22	21	19	20	23	17	17	23	27	22	24	40	32	24	26	21	19	20	16	21	38	34	32	31	26	21	30	28	27	26	37	35	39	39	64	69	51	48	25	27	51	61	32	29	42	53	49	47	16	22	EFT2
5	4	2	3	9	6	6	3	9	10	9	9	11	10	17	15	13	11	9	10	6	7	11	8	10	8	6	5	5	5	7	7	8	10	11	11	3	3	4	6	11	9	10	6	5	6	5	5	6	11	14	20	13	26	27	22	25	15	12	15	14	13	10	19	19	17	18	4	5	HEF3
1	0	1	1	3	1	1	1	3	1	3	2	3	2	3	3	3	4	3	3	1	1	2	4	2	2	1	2	1	1	2	2	3	3	3	5	1	1	2	2	1	1	3	1	2	2	2	2	2	3	4	4	4	3	3	3	3	3	3	2	2	7	3	4	3	5	3	2	1	ELO3
0	0	0	0	0	0	0	0	0	0	0	0	0	0	0	1	0	0	0	0	0	0	0	0	2	0	0	0	0	0	1	0	0	0	1	1	0	0	0	0	0	2	0	1	0	0	1	0	1	0	0	0	0	0	0	0	0	0	0	0	0	5	4	0	3	0	0	0	2	EMC1
1	0	0	0	1	0	0	0	1	2	0	0	0	0	0	1	0	0	0	0	2	1	1	1	3	3	2	2	0	1	1	1	2	1	0	0	2	2	0	1	4	0	0	0	0	2	1	1	0	0	0	0	0	0	0	0	0	0	0	0	0	2	0	0	0	0	0	0	0	FPR3
0	0	0	0	0	0	0	0	0	3	0	0	4	0	4	2	2	4	1	0	4	2	1	0	0	3	3	3	0	1	0	0	4	2	1	2	0	0	0	0	0	0	1	0	0	0	0	1	0	6	6	0	5	4	3	0	0	0	1	0	1	0	0	6	6	0	0	0	0	FPR4
0	0	0	0	2	1	0	0	0	0	0	0	2	1	3	6	0	0	1	0	0	0	0	0	0	0	0	0	0	0	0	2	1	0	2	0	0	0	0	2	2	3	3	3	0	2	3	1	0	6	10	8	3	3	6	10	8	8	4	4	6	7	9	4	4	2	2	2	2	CDC39
0	0	0	0	0	0	0	0	0	0	0	0	0	0	0	0	0	0	0	0	0	0	0	0	0	0	0	0	0	0	0	0	0	0	0	0	0	0	0	0	0	0	1	0	0	0	0	0	0	0	0	1	1	0	1	1	4	0	0	3	2	0	0	0	1	0	0	0	0	CCR4
0	0	0	0	0	0	0	0	0	0	0	0	0	0	0	0	0	0	0	1	0	0	0	0	0	0	0	0	0	0	0	0	0	0	0	0	0	0	0	4	5	0	1	0	0	4	4	0	0	0	0	0	0	0	0	2	1	0	0	0	3	0	0	2	3	3	6	0	0	GUS1
1	2	0	0	3	5	1	1	3	2	1	3	6	8	15	17	3	2	1	1	2	2	4	4	1	2	6	4	5	4	6	7	2	2	2	2	1	4	2	7	7	11	12	4	5	9	6	1	3	10	15	16	12	19	24	17	14	8	6	8	15	9	12	7	8	4	2	3	2	GFA1
0	0	0	0	0	0	0	0	0	0	0	0	2	2	6	5	1	1	0	0	1	0	0	1	1	0	1	1	0	0	0	1	0	0	0	1	0	0	0	3	2	3	1	0	2	1	0	0	0	3	4	2	2	4	5	10	9	5	3	5	8	4	3	3	4	0	3	1	0	GPD2
0	1	0	0	6	2	1	1	3	2	0	2	5	5	12	10	3	6	4	5	0	0	1	1	0	0	0	0	1	0	5	4	2	3	4	3	0	0	2	6	6	4	8	6	3	4	7	2	2	10	7	8	11	13	11	12	12	6	9	13	13	5	9	7	9	8	5	3	4	GRS1
0	0	2	1	4	2	2	2	2	3	1	1	6	6	8	8	4	6	4	6	0	0	5	3	0	0	3	1	4	3	3	4	4	3	2	2	1	3	0	2	2	5	5	3	5	5	4	3	3	10	8	6	7	10	10	11	11	6	6	8	9	5	5	8	7	5	6	2	2	NPA3
0	0	0	0	0	0	0	0	0	0	2	0	2	3	5	4	0	0	1	0	0	0	0	0	0	0	1	0	0	0	0	0	4	2	0	0	0	0	0	0	1	0	0	0	0	0	0	0	0	3	5	4	4	7	7	7	6	2	0	2	1	3	0	2	2	0	0	0	0	GPN3
0	1	0	0	0	0	1	0	3	3	2	1	0	0	0	0	1	1	0	1	0	0	0	0	1	1	0	1	0	0	1	2	1	4	3	3	0	0	0	0	1	1	2	0	0	0	2	1	1	0	0	0	0	0	0	0	0	0	0	0	0	0	0	0	0	0	0	0	0	GAR1
0	0	0	0	2	2	1	1	2	2	2	2	0	0	1	2	0	1	1	1	0	0	2	2	2	0	0	0	1	0	3	4	2	4	2	2	0	0	0	0	0	0	0	1	0	0	0	0	0	0	0	0	0	0	0	0	0	0	0	1	0	0	0	0	0	0	2	0	0	NHP2
0	0	0	0	0	0	0	1	1	1	1	0	1	1	1	0	0	1	0	0	2	1	1	0	1	3	2	0	0	0	1	0	4	4	2	1	0	0	0	0	1	0	0	1	0	0	0	0	0	1	0	0	1	0	1	1	0	0	0	1	0	2	1	0	0	1	0	0	0	CBF5
0	0	1	2	0	0	4	3	0	0	0	0	0	2	0	0	0	0	0	0	3	0	0	0	0	1	0	1	0	0	0	0	0	0	0	0	0	0	0	0	0	0	0	0	0	0	0	0	0	0	0	0	0	0	0	0	0	0	0	0	0	0	0	0	0	0	0	0	0	HSF1
0	0	0	2	1	2	0	2	0	2	0	0	0	2	2	2	0	0	1	0	2	0	0	2	2	3	2	2	0	1	4	0	0	0	0	1	1	2	0	3	2	2	2	2	0	0	2	0	0	2	2	1	2	0	0	0	1	0	0	4	4	0	1	2	3	0	0	0	0	ECM10
0	0	0	0	0	0	0	0	0	0	0	0	0	0	0	0	0	0	0	0	0	0	0	0	0	0	0	0	0	0	0	0	0	0	0	0	0	0	0	6	7	1	0	0	0	0	0	0	0	0	0	0	0	0	0	0	0	0	0	0	0	0	0	0	0	0	0	0	0	HXK1
0	0	0	0	0	0	0	0	0	0	0	2	0	2	1	2	2	2	2	0	0	0	0	0	0	0	0	0	0	0	0	0	0	0	0	0	0	0	0	0	0	0	1	0	0	2	0	2	0	3	2	5	4	0	2	1	4	0	2	5	5	0	2	4	3	3	3	0	0	HPM1
1	0	0	0	0	0	0	0	0	0	0	0	0	0	0	1	0	0	0	0	0	0	4	0	2	0	1	0	0	0	0	0	0	0	0	0	0	0	0	0	0	0	0	0	0	0	0	0	0	0	0	0	0	0	0	0	0	0	0	0	0	0	0	0	0	0	0	0	0	RPD3
0	0	0	0	0	0	0	0	0	0	0	0	0	0	1	0	1	1	2	0	0	0	0	0	0	0	0	0	0	0	0	0	0	0	0	0	0	0	0	2	0	0	0	0	0	0	0	0	0	0	0	0	0	0	0	0	0	4	2	4	3	0	0	2	0	1	1	0	0	ACO2
0	0	0	0	0	0	0	0	0	0	0	0	1	2	3	2	0	2	1	3	0	0	0	0	0	0	0	0	0	0	0	0	1	1	0	0	0	0	0	3	4	0	1	0	0	0	1	0	0	0	5	4	2	2	4	8	6	4	2	7	6	0	1	3	1	3	4	0	0	LYS12
0	0	0	0	0	0	0	0	0	0	0	2	0	0	0	0	0	0	4	2	0	0	0	0	0	0	0	0	0	0	0	0	0	0	0	0	0	0	0	6	6	0	0	0	0	0	0	0	0	1	3	3	3	0	0	0	2	3	3	8	4	0	0	2	0	0	3	0	0	HOM6
0	0	0	0	0	0	0	0	0	0	0	0	0	0	0	0	0	0	0	0	1	0	0	2	7	4	0	0	0	0	0	0	0	0	0	0	0	0	0	0	0	0	0	0	0	0	0	0	0	0	0	0	0	0	0	0	0	0	0	0	0	0	0	0	0	0	0	0	0	THI20
0	0	0	0	0	0	0	0	0	0	0	0	0	0	1	0	0	0	0	0	0	0	0	0	0	0	0	0	0	0	3	2	0	0	0	0	2	1	0	0	2	3	2	0	1	2	0	0	0	1	0	2	2	0	0	0	0	0	0	0	1	2	0	0	0	0	0	8	10	SRC1
0	1	0	0	1	0	0	0	0	0	0	0	0	0	0	0	0	0	0	0	0	0	0	0	0	0	0	0	0	0	2	2	0	0	0	0	1	0	0	2	3	0	2	0	0	4	3	2	0	0	0	0	0	0	0	0	0	0	0	0	0	0	0	0	1	0	0	4	4	IDH2
0	0	0	0	0	0	0	0	0	0	0	0	0	0	0	0	2	3	1	3	0	0	0	0	0	0	0	0	0	0	0	0	0	0	0	0	0	0	0	7	5	2	3	0	0	0	0	0	0	0	0	0	2	0	0	0	0	7	8	4	2	1	0	6	4	6	9	0	0	LYS2
0	0	0	0	0	0	0	0	0	0	0	0	0	1	1	0	0	0	0	0	0	0	0	0	0	0	0	0	0	0	0	0	0	0	0	0	0	0	0	0	0	0	0	1	1	1	0	0	0	1	1	0	0	4	1	1	1	1	0	1	0	2	2	1	1	1	1	0	0	ERG7
0	0	0	0	0	0	0	0	0	0	0	0	0	0	0	0	0	0	0	0	0	0	0	0	0	0	0	0	0	0	0	0	0	0	0	0	0	0	0	0	0	0	0	0	0	0	0	0	0	0	0	0	0	0	0	0	0	0	0	0	0	0	0	1	0	0	0	3	4	LSB3
0	0	0	0	0	0	0	0	0	0	0	0	0	1	0	1	2	2	0	2	0	0	0	0	0	0	0	0	0	0	0	0	0	0	0	0	0	0	0	6	7	1	4	0	0	1	1	0	1	2	1	2	3	1	2	3	4	5	3	4	4	0	1	3	4	3	6	0	0	CDC60
0	1	0	0	0	0	0	0	0	0	0	0	0	0	0	1	0	0	0	2	0	0	0	0	0	0	0	0	0	0	0	0	0	0	0	0	1	0	0	3	2	2	0	0	0	2	0	3	0	0	0	0	1	1	2	1	3	3	3	4	5	0	1	0	0	3	3	0	0	GLY1
0	0	0	0	0	0	0	0	0	0	0	0	1	0	1	2	0	1	0	0	0	0	0	0	1	0	0	0	0	0	0	0	1	0	0	0	0	0	0	0	0	0	0	0	1	0	0	0	0	2	0	0	2	2	4	4	4	0	0	0	0	1	2	0	1	0	0	0	0	RGR1
0	0	0	0	1	2	0	0	0	1	2	0	3	3	4	6	2	0	0	4	0	0	0	0	0	0	0	0	0	0	0	2	2	0	6	4	0	0	0	2	0	5	3	0	0	4	6	3	0	9	8	14	6	3	2	9	10	5	7	8	13	4	2	5	7	7	7	0	0	MES1
0	0	0	0	0	0	0	0	5	4	3	3	9	13	4	3	3	4	4	4	0	0	2	4	3	1	1	2	0	0	0	0	7	7	0	0	0	0	0	2	0	1	0	4	3	3	4	5	3	39	46	36	34	26	28	27	30	8	7	10	13	10	17	11	24	13	12	0	0	MDN1
2	3	0	0	3	2	0	1	0	0	0	0	0	0	0	0	0	0	0	1	2	2	1	1	3	3	4	3	0	0	1	2	0	0	0	1	0	0	0	0	0	0	0	0	0	0	0	0	0	0	0	0	0	0	0	0	0	0	0	0	0	0	0	0	0	0	0	0	0	MGM101
12	17	15	16	34	36	23	21	24	21	31	31	41	42	52	55	30	34	48	50	16	16	19	21	19	19	27	32	26	27	52	44	23	24	30	28	13	19	24	43	33	41	42	40	39	39	35	35	31	63	67	68	80	70	78	93	92	66	68	76	79	57	50	51	62	42	37	23	25	YDJ1
0	0	0	0	0	0	0	0	0	0	0	0	0	1	1	0	2	1	1	1	0	0	0	0	0	0	0	0	0	0	0	0	0	0	2	0	0	0	0	0	0	0	0	0	0	0	0	0	0	0	2	3	0	1	2	3	5	2	2	0	0	3	1	1	5	7	1	0	0	MAE1
0	0	0	0	0	0	0	0	0	0	0	0	0	0	0	0	0	0	1	2	0	0	0	0	0	0	0	0	0	0	1	3	0	0	0	0	0	2	0	0	0	2	2	0	0	2	0	3	1	0	1	1	2	0	0	5	5	5	6	7	9	0	0	0	0	0	2	2	0	OYE2
0	0	0	0	0	0	0	0	0	0	0	0	0	0	0	0	0	0	0	0	0	0	0	0	0	0	1	0	0	0	0	0	0	0	0	0	0	0	0	0	0	0	1	0	0	0	0	0	0	0	0	0	0	0	0	1	1	0	0	6	3	2	0	1	3	2	2	0	0	GDH1
0	0	0	0	0	0	0	0	0	0	0	0	0	1	4	2	0	0	0	0	0	1	0	2	2	0	0	0	0	0	2	0	0	0	3	2	0	0	0	0	0	1	3	1	0	0	0	0	0	3	3	0	4	5	5	3	2	1	2	0	1	1	0	0	0	2	0	0	0	NAN1
1	0	0	0	0	0	0	0	0	0	0	0	0	0	2	0	0	0	1	0	0	0	0	0	0	0	0	0	0	0	4	2	0	0	0	0	3	1	0	0	2	3	2	0	0	0	0	0	0	2	2	5	3	0	1	1	0	0	0	0	0	2	1	0	0	0	0	8	10	NUR1
0	0	0	0	0	1	0	0	2	0	0	2	1	0	3	1	0	0	0	0	0	0	0	0	3	1	0	1	1	0	0	0	5	4	0	0	0	0	0	0	0	0	0	0	0	0	0	0	0	0	0	0	2	0	2	2	1	0	0	6	3	0	0	0	0	0	0	0	0	NOG1
0	0	0	0	1	1	0	0	0	0	0	0	0	1	0	0	0	0	0	0	0	0	0	0	1	0	0	0	0	0	3	3	0	0	0	0	0	0	0	0	0	0	0	0	0	0	0	0	0	0	0	0	0	0	0	0	0	0	0	0	0	0	0	0	0	0	0	0	0	NET1
0	0	0	0	0	1	0	0	0	0	0	0	0	0	0	0	0	0	1	0	0	0	0	0	0	0	0	0	0	1	0	0	0	0	0	0	0	0	0	0	0	0	0	0	0	0	0	1	0	0	0	0	0	0	0	0	0	0	0	0	0	0	0	0	0	0	0	6	5	KES1
2	0	3	3	0	0	2	2	2	4	0	2	0	1	1	3	2	3	1	0	3	4	5	4	2	2	4	6	2	2	8	5	0	0	2	1	4	3	5	5	6	2	2	0	0	5	2	2	4	2	1	0	0	0	1	2	3	3	4	0	0	4	2	0	0	0	0	2	3	CPR1
0	0	0	0	1	1	0	0	0	0	0	0	2	2	3	4	0	0	0	0	0	0	1	1	0	0	0	0	0	0	1	2	0	0	0	1	0	0	0	0	0	2	1	2	0	2	1	0	0	2	0	2	2	4	1	4	4	2	2	1	1	3	3	3	5	2	1	0	0	CPR6
0	0	0	0	0	1	1	1	2	1	2	1	2	3	4	3	0	0	1	1	3	0	3	5	2	0	0	0	0	0	1	1	9	6	4	1	0	0	0	0	0	1	0	1	2	2	0	0	0	4	2	4	2	2	2	2	3	1	1	2	1	2	4	1	2	2	3	0	0	PWP1
1	1	0	0	3	1	2	2	2	1	2	0	0	0	1	1	1	1	1	1	2	1	2	3	4	4	2	0	1	1	4	2	0	0	1	2	4	2	1	2	2	2	2	0	0	3	2	2	0	1	0	1	3	2	1	2	3	2	1	1	3	1	1	1	3	2	4	2	2	TSA1
0	0	0	0	0	0	0	0	0	0	0	0	0	0	4	0	2	5	0	3	0	0	0	0	0	0	0	0	0	0	0	0	0	0	1	2	0	0	0	0	0	1	0	0	0	0	0	0	0	0	5	3	0	0	0	2	6	5	6	0	0	0	0	3	2	4	3	0	0	FRS1
0	0	0	0	0	0	0	0	0	0	0	0	0	0	1	3	0	0	0	0	0	0	0	0	0	0	0	0	0	0	0	0	0	0	0	0	0	0	0	0	0	0	0	0	0	0	0	0	0	3	2	4	3	1	0	3	3	0	0	0	0	0	1	0	0	0	0	0	0	STT4
0	0	0	0	2	0	0	0	0	0	0	0	0	0	2	1	0	0	0	0	0	0	0	0	0	0	0	0	0	0	0	0	0	0	0	0	0	0	0	0	0	0	0	0	0	0	0	0	0	2	1	1	0	0	0	2	2	1	1	4	4	0	0	3	3	3	3	0	0	CSR1
0	0	0	1	2	0	0	1	2	0	2	2	0	0	1	2	3	3	5	4	0	1	0	1	0	1	0	0	0	0	0	1	0	0	2	1	1	2	2	4	4	1	2	2	2	1	1	1	2	4	4	4	3	1	1	2	3	4	4	2	4	4	4	4	4	4	4	2	2	ARO4
0	0	0	0	1	1	0	0	0	0	0	0	0	0	1	1	2	3	1	1	0	0	0	0	0	0	0	0	0	0	2	1	0	0	1	1	0	0	0	3	1	3	4	1	1	1	2	0	0	4	4	3	2	2	1	4	6	3	4	7	6	3	3	2	5	3	3	1	0	PGM1
0	0	0	0	2	0	0	0	1	0	0	0	0	0	0	0	1	2	2	3	0	0	0	1	0	0	0	0	0	0	2	5	0	0	2	1	0	0	0	3	5	6	9	0	1	8	6	0	1	2	3	3	2	6	6	4	2	6	3	4	5	1	2	0	0	1	0	0	1	SEC53
0	0	0	0	0	0	0	0	0	0	0	0	0	0	0	0	0	3	0	0	0	0	0	0	0	0	0	0	0	0	1	0	0	0	0	0	0	0	0	4	4	3	1	0	0	0	0	0	0	0	0	0	1	0	0	0	0	5	2	4	6	0	0	2	1	2	3	0	0	ADE6
0	1	0	0	2	2	0	0	0	0	0	1	1	0	3	4	0	0	0	1	0	0	1	0	0	0	0	0	0	0	0	0	1	0	1	3	0	0	0	0	0	2	3	1	0	1	1	1	1	3	2	10	7	2	0	4	5	2	2	4	4	0	2	1	2	0	4	3	4	PGA3
0	0	0	0	0	0	0	0	4	1	0	0	0	0	0	0	0	0	0	0	0	0	0	0	0	0	0	0	0	0	0	0	0	0	3	3	0	0	0	0	0	0	0	0	0	0	0	0	0	0	0	0	0	0	0	0	0	0	0	0	0	0	0	0	0	0	0	0	0	PRP43
0	0	0	0	0	0	0	0	0	0	0	0	0	0	2	2	0	0	0	0	0	0	0	0	0	0	0	0	0	0	0	0	0	0	0	1	0	0	1	1	0	2	2	0	0	2	2	2	2	3	3	2	3	2	5	5	4	4	2	1	3	2	1	0	1	0	0	0	0	TYR1
0	0	0	0	0	0	0	0	0	0	0	0	0	0	0	0	0	0	0	0	0	0	0	0	0	0	0	0	0	0	0	0	0	0	0	0	0	0	0	0	0	0	0	0	0	0	0	0	0	0	0	0	0	0	0	0	0	0	0	5	3	2	0	2	0	0	0	0	0	AIM45
0	0	0	0	0	0	0	0	0	0	0	0	0	0	0	1	0	0	1	1	0	0	0	0	0	0	0	0	0	0	0	0	0	0	1	1	0	0	0	0	0	2	1	0	0	0	0	0	0	0	0	4	1	0	0	0	1	0	0	2	0	0	1	2	2	0	2	0	0	PRE9
0	0	0	0	0	0	1	2	2	0	0	0	1	3	3	1	2	3	1	0	0	0	0	4	2	2	0	3	1	3	6	6	0	0	5	2	0	2	1	4	8	3	6	2	2	7	7	2	0	4	8	0	0	5	9	7	9	8	8	8	8	7	9	6	3	3	4	1	1	APA1
0	0	0	0	1	0	0	0	0	0	0	0	2	3	7	9	0	0	2	0	0	0	0	0	0	0	0	0	0	0	2	2	0	0	0	0	0	0	0	0	0	1	1	0	0	4	3	2	0	8	7	16	11	16	8	16	20	4	2	13	7	5	4	4	4	3	4	0	0	GCN20
0	0	0	0	0	0	0	0	0	0	0	0	0	0	0	0	0	0	0	0	0	0	0	0	0	0	0	0	0	0	0	0	0	0	0	0	0	0	0	0	0	0	2	0	0	0	2	0	0	1	1	0	0	0	0	0	0	0	0	4	4	0	0	1	1	1	0	0	0	HGH1
0	0	0	0	0	0	0	1	0	0	0	0	0	0	4	3	1	2	3	2	1	1	0	3	0	0	0	0	0	0	2	2	0	0	0	1	1	0	1	2	2	3	4	0	0	0	2	0	0	1	3	1	1	6	2	4	3	3	3	2	1	2	2	1	3	4	0	0	1	MMF1
4	3	2	1	1	2	3	3	3	1	2	1	1	2	1	1	1	1	1	1	2	1	2	1	1	3	1	1	2	1	2	2	0	0	0	0	2	1	0	0	0	0	0	0	0	0	0	0	0	0	0	0	0	0	0	0	0	0	0	0	0	0	0	0	0	1	0	0	0	MSN1
0	0	0	0	0	0	0	0	0	0	0	0	0	2	0	0	0	0	0	0	0	0	0	0	0	0	0	0	0	0	0	0	0	0	0	0	0	0	0	0	2	0	0	0	3	0	1	0	0	3	2	3	3	2	0	5	3	3	3	7	6	0	1	1	3	0	0	0	0	PTC3
0	0	0	1	0	0	0	0	0	0	0	0	0	0	0	0	0	0	0	0	0	0	0	0	0	0	0	0	0	0	0	0	0	0	0	0	0	0	0	0	0	1	0	0	0	0	2	0	0	0	0	0	2	0	0	0	0	0	0	4	2	0	0	0	0	0	0	0	0	RFS1
0	0	0	0	0	0	0	0	0	0	0	0	2	3	1	1	0	0	1	0	0	0	0	0	0	0	4	5	5	4	0	0	0	0	0	0	0	0	0	0	0	0	1	6	6	0	2	2	2	5	4	5	2	3	1	3	2	2	2	4	5	2	0	2	2	0	0	0	0	SAN1
0	0	0	0	0	0	0	0	0	0	0	0	0	0	0	0	0	0	0	0	0	0	0	0	0	0	0	0	0	0	0	0	0	0	0	1	0	0	0	0	0	0	1	0	0	0	0	1	0	1	0	0	0	0	1	1	0	0	0	0	0	1	4	2	1	0	1	0	1	SEC13
0	0	0	0	0	0	0	0	1	1	1	0	1	1	0	0	0	0	0	0	0	0	0	0	0	0	0	0	0	0	0	0	0	0	0	0	0	0	0	0	0	1	0	0	0	0	0	0	0	0	0	0	0	3	2	5	6	0	0	1	1	1	1	1	2	0	0	0	0	PUF4
0	0	0	0	0	0	0	1	0	2	0	0	0	0	1	1	0	0	0	0	0	0	0	2	3	2	0	0	0	0	0	1	3	4	0	0	0	0	0	0	0	0	0	0	0	0	0	1	0	0	0	0	2	3	0	0	2	1	0	0	2	0	0	0	0	2	2	0	0	PUF6
0	0	0	0	0	0	0	0	0	0	0	0	1	0	1	4	0	0	0	0	0	0	0	0	0	0	0	0	0	0	0	0	0	0	0	0	0	0	0	0	0	0	0	0	0	0	0	0	0	3	3	2	1	5	1	9	6	2	3	0	0	1	1	0	2	0	0	0	0	YLR126C
0	0	0	0	1	0	0	0	0	0	0	1	0	0	2	0	1	1	0	1	0	0	0	0	0	0	0	0	0	0	0	0	0	1	0	0	0	0	0	0	0	0	2	0	0	0	0	0	0	2	2	3	2	3	3	5	4	2	0	4	2	0	1	0	3	0	0	0	0	OCA1
0	0	0	0	0	0	0	0	0	0	0	0	0	0	0	0	0	0	0	0	0	0	0	0	0	0	0	0	0	0	0	0	0	0	0	0	0	0	0	0	0	0	0	0	0	0	0	0	0	0	0	0	0	2	4	6	4	0	1	0	1	0	0	0	0	0	0	0	0	YGL039W
0	0	0	0	0	0	0	0	0	0	0	0	0	0	0	0	0	0	0	0	0	0	0	0	0	0	0	0	0	0	0	0	0	0	0	0	0	0	0	0	0	0	0	0	0	0	0	0	0	0	0	0	0	0	0	0	0	0	0	0	0	0	0	0	0	0	0	5	5	SNZ1
0	0	0	0	0	0	0	0	0	0	0	0	0	0	0	0	0	0	0	0	0	0	0	0	0	0	0	0	0	0	0	0	0	0	0	0	0	0	0	0	0	3	2	0	1	0	0	0	0	0	3	1	1	0	0	2	5	1	1	0	2	2	0	0	0	0	2	0	1	PYC1
13	12	14	22	30	28	21	18	18	20	22	19	30	37	41	40	37	44	44	44	15	12	27	25	13	15	19	16	13	10	40	39	22	21	31	31	17	16	19	27	33	42	31	25	30	31	30	29	29	47	43	57	62	43	46	51	48	48	42	62	59	42	50	52	60	61	63	26	27	PDC1
3	2	2	2	3	4	3	2	3	3	3	2	4	4	5	7	5	7	7	7	4	2	5	3	3	4	7	3	2	2	6	6	3	2	7	5	3	2	2	5	7	5	5	4	4	4	2	2	2	9	4	11	13	6	7	14	10	7	8	12	11	9	8	10	11	13	13	2	3	PDC6
0	0	0	0	0	0	0	0	0	0	0	0	0	0	0	0	0	0	0	0	0	0	0	0	0	0	0	0	0	0	0	0	0	0	0	0	0	0	0	0	0	0	0	0	0	0	0	0	0	2	0	3	5	0	0	2	0	0	0	3	2	0	0	2	2	0	0	0	0	MRS6
0	0	0	0	2	0	0	0	1	1	1	1	2	2	5	5	0	1	1	2	0	0	0	1	1	0	0	0	0	0	2	2	1	0	3	2	0	0	0	0	2	2	2	0	0	3	1	0	0	2	2	4	0	2	1	7	7	1	3	6	8	4	3	3	4	4	2	0	0	PRS1
0	0	0	0	0	0	0	0	0	0	0	0	0	0	0	0	0	0	0	0	0	0	0	0	0	0	0	0	0	0	0	0	0	0	0	0	0	0	0	0	0	0	1	0	0	0	0	0	0	4	1	0	0	0	0	2	0	0	0	2	3	0	2	0	0	0	1	0	0	PRS2
0	0	2	1	4	1	3	1	3	2	2	1	3	1	3	2	1	2	1	2	0	0	1	0	0	0	2	1	2	1	3	4	2	2	2	1	0	2	1	2	2	4	3	3	3	10	3	2	2	4	3	2	5	6	6	6	9	3	3	6	8	5	7	7	6	1	2	2	2	PRS3
0	0	2	0	9	5	2	1	3	4	3	3	5	4	6	6	3	3	4	3	0	0	0	0	0	0	0	1	1	1	6	8	1	1	4	6	0	0	0	2	2	7	9	8	4	9	8	5	6	14	17	17	13	4	6	11	18	14	16	16	20	7	11	13	15	5	4	6	4	PRS5
0	1	0	0	1	0	1	0	0	0	0	1	0	0	0	1	0	0	0	0	1	2	3	0	2	2	2	0	1	2	1	1	3	5	2	0	0	0	1	0	0	1	1	0	0	1	1	1	0	0	0	0	0	0	0	0	0	1	1	0	0	0	0	0	0	0	0	0	0	MRT4
0	0	0	0	0	1	0	0	0	2	3	2	4	2	11	11	1	1	3	4	1	2	0	0	4	0	2	0	0	0	0	1	1	4	1	1	1	0	0	1	2	0	0	3	0	0	2	0	1	12	14	14	11	14	18	15	19	7	5	9	9	11	7	6	5	6	4	0	0	RIX7
0	0	0	0	0	0	0	0	0	0	0	0	0	0	0	0	0	0	0	0	0	0	0	0	0	0	0	0	0	0	0	0	1	4	0	0	0	0	0	0	0	0	0	0	0	0	0	0	0	0	0	0	0	0	0	0	0	0	0	0	0	0	0	0	0	0	0	0	0	SLX9
0	0	0	0	0	0	0	0	0	0	0	0	0	0	1	2	1	0	0	2	0	0	0	0	0	0	0	0	0	0	0	0	0	0	0	0	2	0	0	6	3	0	0	0	0	0	0	0	0	0	0	2	2	0	0	2	2	4	0	4	4	0	0	3	3	3	4	0	0	LYS9
0	0	0	0	0	0	0	0	0	0	0	0	0	0	0	0	2	1	0	1	0	0	1	3	0	0	0	0	0	0	0	0	0	0	0	0	0	0	0	0	5	0	2	0	0	0	0	0	0	0	0	0	0	0	0	1	1	1	0	0	0	2	2	1	2	1	2	0	1	SHM2
2	3	0	0	4	0	0	1	0	0	0	0	0	3	3	1	0	2	0	3	0	2	2	0	1	0	0	0	0	0	0	2	0	0	0	3	0	0	7	0	0	0	2	3	2	4	0	2	6	0	1	2	2	0	0	2	2	0	0	0	0	0	0	0	3	2	0	3	2	ALK1
0	0	0	0	0	1	0	0	1	1	2	0	1	0	2	1	0	0	2	0	0	1	0	0	0	0	0	0	0	0	1	2	0	0	2	1	1	1	0	1	1	2	3	0	1	1	1	1	0	3	3	2	3	1	0	4	4	3	4	5	5	2	1	2	3	4	4	1	0	SES1
0	0	0	2	0	0	3	0	2	2	0	0	0	1	1	1	0	0	1	0	3	3	1	2	2	2	2	1	1	1	1	0	2	4	1	1	0	0	1	3	2	1	0	1	0	4	3	0	3	0	1	0	0	1	1	0	0	0	0	1	1	0	0	1	0	2	1	0	0	SBP1
6	6	5	6	8	11	7	20	24	25	12	11	22	23	20	24	10	8	9	13	24	19	27	37	25	25	9	8	7	10	9	10	31	34	19	23	10	8	2	8	8	6	6	9	7	4	6	3	5	6	7	9	10	14	14	12	14	8	11	3	2	13	15	11	14	17	15	1	3	STM1
2	0	0	0	0	0	0	0	0	0	0	0	0	0	0	1	0	0	0	0	2	1	0	4	1	4	0	0	0	0	0	0	0	0	0	0	0	0	0	0	0	0	0	0	0	0	0	0	0	0	0	0	0	0	0	0	0	0	0	0	1	0	0	0	0	0	0	0	0	SNF2
1	2	1	0	0	1	1	2	1	2	1	1	1	1	0	0	1	0	0	0	3	2	4	4	3	1	0	0	3	2	0	0	1	0	0	0	0	0	0	0	0	0	1	1	0	2	0	0	0	1	0	0	2	0	0	1	0	0	0	0	0	0	0	0	0	1	0	0	0	TRA1
0	0	0	0	0	0	0	0	0	0	0	0	0	3	4	5	0	0	2	0	2	2	0	0	3	2	1	0	0	0	1	0	1	0	0	0	0	0	0	0	0	0	0	0	0	1	0	0	0	2	4	3	2	2	5	4	3	1	0	0	0	3	1	0	1	0	2	0	0	GCD7
0	0	0	0	0	0	0	0	0	2	0	0	0	0	2	0	0	2	1	2	0	0	0	0	0	0	0	0	0	0	0	0	0	0	0	0	0	0	0	4	3	3	0	1	0	3	2	0	0	0	2	6	2	0	0	6	6	5	4	4	5	3	2	7	8	4	6	0	0	TRP5
7	6	7	3	9	10	7	4	7	7	9	7	10	9	17	18	15	12	10	12	3	4	7	7	8	6	14	9	4	5	9	10	9	11	6	7	6	6	8	9	9	11	11	11	9	14	14	15	15	17	20	19	21	22	23	22	25	13	11	25	26	14	13	17	18	17	12	9	8	TUB2
0	0	0	0	0	0	0	0	0	0	0	0	0	2	2	3	2	0	0	0	0	0	0	0	0	0	0	0	0	0	0	0	0	0	2	2	0	0	0	0	0	0	1	0	0	0	0	0	0	4	2	0	0	1	3	2	1	0	0	0	0	0	1	0	0	0	0	0	0	UTP10
0	0	0	0	0	0	0	0	0	0	0	0	0	0	0	0	0	0	0	0	0	0	0	0	0	0	0	0	0	0	1	0	0	0	0	0	0	0	0	2	3	1	0	0	0	0	0	0	0	0	2	4	2	0	0	2	3	1	4	3	3	0	0	1	0	2	2	0	0	UBA1
0	0	0	0	0	0	0	0	0	0	0	0	0	0	0	0	0	0	0	0	0	0	1	0	0	0	3	0	0	0	0	0	0	0	0	0	0	1	0	1	0	0	1	0	0	0	0	0	0	0	1	0	0	1	0	0	0	0	1	1	0	2	0	2	0	0	0	5	3	CUE5
0	0	0	0	0	0	0	0	2	2	0	0	4	4	6	6	1	0	3	1	0	0	0	1	0	0	0	0	0	0	5	3	3	6	0	0	0	0	0	2	0	5	6	0	0	4	4	0	0	8	8	3	5	13	12	14	16	10	8	10	7	4	5	7	9	4	3	0	0	SDD3
0	0	2	2	0	0	0	0	0	0	0	0	0	0	1	0	0	0	1	0	0	0	0	0	0	0	0	0	0	0	0	0	0	0	2	4	0	0	0	0	0	0	0	0	0	0	0	0	0	0	0	0	0	0	0	0	0	0	0	0	0	0	0	0	0	0	0	0	0	DID2
0	0	0	0	0	0	0	0	0	0	0	0	0	0	0	1	0	0	0	0	0	0	0	0	0	0	0	0	0	0	0	0	0	0	0	0	0	0	0	0	0	0	0	0	0	0	1	0	0	0	1	0	3	0	0	0	1	0	0	4	3	0	1	2	2	0	0	2	0	SEC18
0	0	0	0	0	1	0	0	0	0	0	0	0	0	0	1	0	0	0	0	0	0	0	0	0	0	0	0	0	0	0	0	0	0	0	0	0	0	0	0	0	0	0	1	1	0	1	0	0	0	0	2	1	0	0	0	4	3	1	4	2	0	0	2	2	2	1	0	3	VMA8
1	1	0	0	0	0	0	0	0	0	0	0	0	0	0	0	0	0	0	0	0	0	0	0	0	0	4	0	0	0	0	0	0	0	0	0	0	0	0	0	0	0	0	0	0	0	0	0	0	0	0	0	0	0	0	0	0	0	0	0	0	0	0	0	0	0	0	0	0	YRF1-1
0	0	0	0	0	0	0	0	0	0	0	0	0	0	0	0	0	0	0	0	0	1	0	1	0	0	0	0	0	1	0	0	0	0	2	1	0	0	0	0	0	0	0	0	0	0	0	0	0	0	0	0	0	0	0	0	0	0	0	0	0	0	0	0	0	0	0	0	0	YRR1
6	5	9	9	11	12	7	12	8	10	0	3	5	7	4	4	9	13	4	8	16	12	11	14	17	16	14	13	5	10	14	9	0	0	7	9	4	8	3	6	11	8	7	9	4	7	6	2	3	3	4	5	0	0	1	5	5	4	2	1	0	8	9	6	10	5	6	4	5	YBL005W-B
7	6	11	11	13	15	10	15	10	13	1	4	7	8	5	5	11	17	7	10	17	13	14	16	18	17	15	14	6	11	15	12	2	3	8	10	5	9	4	7	12	11	11	12	7	9	8	4	4	4	5	6	3	3	3	6	6	5	3	2	3	10	11	8	13	7	8	6	7	YMR045C
8	7	10	12	16	14	13	17	13	14	2	3	8	8	6	6	10	14	7	8	18	15	11	18	20	15	17	16	9	13	17	13	1	2	12	11	6	9	5	9	12	12	9	10	6	9	8	2	3	3	4	6	3	4	3	7	6	6	7	3	4	12	11	7	12	8	11	6	7	YPR158W-B
0	0	0	0	5	8	0	0	3	1	2	0	4	0	12	12	4	5	8	8	1	0	2	0	0	0	3	0	0	0	3	3	1	0	14	11	0	0	0	0	4	7	7	6	1	8	4	0	0	11	10	11	14	7	10	9	13	13	13	16	17	7	4	18	21	13	15	0	2	YHR020W
7	6	8	8	13	9	12	12	9	13	1	2	6	7	4	5	5	8	5	5	13	11	7	14	13	11	11	9	8	9	13	9	0	0	8	7	6	6	3	4	10	7	6	8	4	6	6	1	0	1	3	4	1	1	0	5	4	5	5	1	1	7	8	3	8	4	6	3	3	YAR009C
8	6	13	12	14	14	10	15	11	13	2	3	8	10	7	7	12	17	8	10	15	14	15	15	20	18	14	15	8	12	15	13	2	3	11	10	4	8	5	6	10	12	11	11	8	10	9	5	6	4	5	5	5	4	4	8	7	5	5	3	3	13	10	6	12	8	8	8	8	YNL284C-B
11	10	15	15	20	20	18	21	17	18	5	5	10	12	8	7	13	17	11	11	20	18	15	23	21	20	19	17	12	15	21	18	2	3	14	15	9	11	6	11	17	15	15	15	11	13	11	6	6	5	6	7	5	5	5	8	6	8	9	5	6	15	13	11	15	11	13	8	9	YPR137C-B
1	1	4	3	3	6	4	4	2	4	1	2	2	2	1	1	4	6	4	4	3	1	5	4	3	3	1	1	1	1	2	4	2	2	1	2	1	2	2	1	3	5	6	5	4	4	3	3	3	3	3	2	2	2	3	1	2	2	1	1	2	3	4	4	5	2	3	3	5	YMR046C
2	1	2	2	3	2	2	2	3	4	1	0	1	2	0	1	0	0	1	1	3	2	1	4	3	3	3	2	3	3	3	3	0	0	1	3	3	3	1	2	2	1	2	2	2	3	4	0	0	0	2	2	2	1	0	1	0	3	1	0	1	3	3	1	2	1	1	1	1	YCL019W
2	1	2	2	3	2	2	2	3	4	1	0	1	2	0	1	0	0	1	1	3	2	1	4	3	3	3	2	3	3	3	3	0	0	1	3	3	3	1	2	2	1	2	2	2	3	4	0	0	0	2	2	2	1	0	1	0	3	1	0	1	3	3	1	2	1	1	1	1	YFL002W-A
2	1	2	2	3	2	2	2	3	4	1	0	1	2	0	1	0	0	1	1	3	2	1	4	3	3	3	2	3	3	3	3	0	0	1	3	3	3	1	2	2	1	2	2	2	3	4	0	0	0	2	2	2	1	0	1	0	3	1	0	1	3	3	1	2	1	1	1	1	YOR343W-B
2	1	2	2	3	2	2	2	3	4	1	0	1	2	0	1	0	0	1	1	3	2	1	4	3	3	3	2	3	3	3	3	0	0	1	3	3	3	1	2	2	1	2	2	2	3	4	0	0	0	2	2	2	1	0	1	0	3	1	0	1	3	3	1	2	1	1	1	1	YGR161W-B
2	1	2	2	3	2	2	2	3	4	1	0	1	2	0	1	0	0	1	1	3	2	1	4	3	3	3	2	3	3	3	3	0	0	1	3	3	3	1	2	2	1	2	2	2	3	4	0	0	0	2	2	2	1	0	1	0	3	1	0	1	3	3	1	2	1	1	1	1	YLR410W-B
2	1	2	2	3	2	2	2	3	4	1	0	1	2	0	1	0	0	1	1	3	2	1	4	3	3	3	2	3	3	3	3	0	0	1	3	3	3	1	2	2	1	2	2	2	3	4	0	0	0	2	2	2	1	0	1	0	3	1	0	1	3	3	1	2	1	1	1	1	YDR210W-B
14	11	18	20	20	24	18	25	21	20	7	9	13	12	9	13	19	23	12	16	25	21	20	24	29	23	22	21	11	19	24	17	4	7	16	17	11	14	9	14	17	18	17	14	13	15	14	7	8	8	8	10	8	7	8	12	13	10	14	7	9	18	17	12	20	13	15	12	14	YOR142W-B
2	1	2	2	3	2	2	2	3	4	1	0	1	2	0	1	0	0	1	1	3	2	1	4	3	0	2	2	3	3	2	3	0	0	1	3	3	3	1	2	2	1	2	2	2	3	4	0	0	0	2	2	2	1	0	1	0	3	1	0	1	3	3	1	2	1	1	1	1	YOR192C-B
1	0	2	0	3	2	2	2	3	4	1	0	1	2	0	0	0	0	0	1	2	2	1	3	3	3	3	1	3	3	3	3	0	0	1	3	3	2	1	0	2	1	3	2	2	3	3	0	0	0	2	1	2	1	0	1	0	3	1	0	1	3	3	1	2	1	1	1	1	YBL100W-B
1	0	2	0	3	2	2	2	3	4	1	0	1	2	0	0	0	0	0	1	2	2	1	3	3	3	3	1	3	3	3	3	0	0	1	3	3	2	1	0	2	1	3	2	2	3	3	0	0	0	2	1	2	1	0	1	0	3	1	0	1	3	3	1	2	1	1	1	1	YDR034C-D
1	1	3	2	2	5	3	4	2	3	1	2	2	1	1	1	3	5	3	4	3	1	4	4	2	3	1	1	1	1	2	3	2	2	2	2	1	2	2	1	3	5	6	4	4	3	2	2	2	2	2	2	1	2	3	1	2	1	1	1	2	3	3	4	5	2	3	2	4	YDR170W-A
0	0	0	0	0	0	0	0	0	0	1	2	1	1	0	1	0	0	0	0	0	0	0	0	0	0	0	0	0	0	0	0	0	0	0	0	0	0	0	0	0	0	0	0	1	1	1	0	0	2	1	1	2	4	3	1	1	2	0	1	2	0	0	1	1	1	0	0	0	YNR029C