partner	yeastresnum	mean_n_contacts	avg_interface_size	relative_contact
YRB2	34	3	246.5	0.012170385395537525
YRB1	34	2.5454545454545454	287	0.008869179600886918
KAP95	34	2	212	0.009433962264150943
NUP1	58	7	66	0.10606060606060606
NUP60	58	7	66	0.10606060606060606
YRB2	58	4.714285714285714	246.5	0.019124891335844683
YRB1	58	4.666666666666667	287	0.016260162601626018
KAP104	78	11	274	0.040145985401459854
SRM1	78	8	237	0.03375527426160337
LOS1	78	4.5	116	0.03879310344827586
NTF2	78	3.7142857142857144	106	0.03504043126684636
KAP95	78	2	212	0.009433962264150943
CSE1	78	1.6666666666666667	174	0.009578544061302683
CRM1	78	1.25	198.4	0.006300403225806451
RNA1	78	1	162	0.006172839506172839
LOS1	79	9	116	0.07758620689655173
MSN5	79	5	134	0.03731343283582089
CSE1	79	4.333333333333333	174	0.02490421455938697
NTF2	79	4	106	0.03773584905660377
CRM1	79	3.6923076923076925	198.4	0.01861042183622829
KAP95	79	2.5454545454545454	212	0.012006861063464836
PSE1	79	2.5	159	0.015723270440251572
KAP104	79	2	274	0.0072992700729927005
NTF2	80	7	106	0.0660377358490566
KAP104	80	4	274	0.014598540145985401
MSN5	80	3	134	0.022388059701492536
CRM1	80	2.9	198.4	0.014616935483870967
PSE1	80	2.5	159	0.015723270440251572
CSE1	80	2	174	0.011494252873563218
NUP1	80	2	66	0.030303030303030304
NUP60	80	2	66	0.030303030303030304
LOS1	80	1.3333333333333333	116	0.011494252873563218
KAP95	80	1.2	212	0.005660377358490566
SRP1	101	2.75	57	0.04824561403508772
CRM1	101	2.6666666666666665	198.4	0.013440860215053762
SRM1	102	5	237	0.02109704641350211
LOS1	102	1	116	0.008620689655172414
RNA1	102	1	162	0.006172839506172839
MSN5	105	9	134	0.06716417910447761
SRM1	105	2.6666666666666665	237	0.011251758087201125
CRM1	105	2.25	198.4	0.011340725806451613
KAP95	105	1	212	0.0047169811320754715
MSN5	108	7.5	134	0.055970149253731345
CRM1	108	5.6	198.4	0.0282258064516129
SRM1	108	5.25	237	0.022151898734177215
LOS1	108	3	116	0.02586206896551724
KAP104	108	2	274	0.0072992700729927005
KAP95	108	2	212	0.009433962264150943
PSE1	108	1	159	0.006289308176100629
KAP95	112	7.6	212	0.035849056603773584
PSE1	112	6.333333333333333	159	0.039832285115303984
LOS1	112	6	116	0.05172413793103448
SRM1	112	5	237	0.02109704641350211
CRM1	112	3.380952380952381	198.4	0.017041090629800307
CSE1	112	3	174	0.017241379310344827
KAP104	112	3	274	0.010948905109489052
MSN5	112	2.4	134	0.01791044776119403
PSE1	115	5	159	0.031446540880503145
SRP1	132	4	57	0.07017543859649122
RNA1	132	2.5555555555555554	162	0.01577503429355281
CRM1	132	1	198.4	0.005040322580645161
MSN5	132	1	134	0.007462686567164179
SRM1	132	1	237	0.004219409282700422
CRM1	141	5.4	198.4	0.02721774193548387
YRB1	141	3.5	287	0.012195121951219513
KAP95	141	2.6666666666666665	212	0.012578616352201257
KAP104	141	2.5	274	0.009124087591240875
KAP104	143	4.666666666666667	274	0.0170316301703163
KAP95	143	3.1666666666666665	212	0.014937106918238994
SRM1	143	3	237	0.012658227848101266
PSE1	143	2.75	159	0.01729559748427673
CRM1	143	2.5384615384615383	198.4	0.012794665012406947
CSE1	143	1	174	0.005747126436781609
KAP95	147	4.25	212	0.020047169811320754
CRM1	147	3.1666666666666665	198.4	0.015961021505376344
KAP104	147	3	274	0.010948905109489052
MSN5	147	2	134	0.014925373134328358
CRM1	148	1.25	198.4	0.006300403225806451
KAP104	157	7.666666666666667	274	0.027980535279805353
CRM1	157	4.625	198.4	0.02331149193548387
KAP95	157	3.75	212	0.01768867924528302
YRB2	180	5.333333333333333	246.5	0.021636240703177823
YRB1	180	3.3636363636363638	287	0.011719987329743428
MOG1	101	3	200	0.015
MOG1	102	3	200	0.015
MOG1	105	3	200	0.015
MOG1	108	3	200	0.015
MOG1	132	3	200	0.015
MOG1	143	3	200	0.015